-,-,-
-44, -933, 262
-41, -992, 202
-70, -1013, 111
-70, -1013, 111
7, -914, 83
25, -939, 101
-56, -1037, 159
-54, -1015, 106
-46, -991, 74
-47, -1004, 170
15, -939, 168
15, -939, 168
11, -950, 205
-41, -998, 139
-45, -954, 88
-4, -924, 136
8, -904, 179
8, -904, 179
-31, -963, 111
-60, -965, 142
-49, -934, 88
-18, -882, 111
6, -842, 179
6, -842, 179
-58, -899, 59
-71, -869, 6
-48, -821, 76
-20, -774, 108
-20, -774, 108
7, -766, 120
-8, -797, 135
-11, -792, 100
9, -787, 146
6, -828, 175
6, -828, 175
5, -823, 187
-7, -837, 206
-57, -841, 142
-118, -908, 50
-118, -908, 50
-93, -892, 145
-92, -905, 259
-137, -927, 248
-192, -911, 211
-255, -1005, 167
-261, -1048, 213
-252, -997, 255
-301, -1025, 302
-308, -1037, 258
-188, -929, 277
-167, -907, 325
-226, -937, 394
-301, -1031, 367
-289, -1069, 365
-219, -1015, 374
-217, -1024, 441
-329, -1197, 424
-356, -1300, 405
-281, -1299, 449
-171, -1237, 443
-82, -1212, 421
-58, -1276, 384
-58, -1276, 384
-2, -1362, 426
7, -1539, 591
127, -1495, 625
237, -1528, 690
194, -1675, 610
286, -1593, 703
331, -1519, 822
336, -1431, 817
341, -1342, 800
379, -1161, 688
422, -939, 571
466, -731, 461
466, -731, 461
442, -626, 345
398, -599, 252
374, -495, 232
297, -444, 64
158, -526, -27
196, -446, 19
196, -446, 19
192, -394, 71
152, -391, 45
51, -500, 43
-55, -641, 14
-94, -693, 91
-94, -693, 91
-123, -743, 76
-183, -844, 11
-204, -901, 4
-219, -995, 117
-227, -1069, 128
-181, -1057, 104
-128, -1018, 67
-96, -996, 95
-96, -996, 95
-67, -983, 139
-34, -1000, 183
-24, -978, 126
-25, -980, 142
-26, -957, 157
0, -934, 167
-27, -981, 205
-27, -981, 205
-56, -1023, 192
-75, -1040, 274
-32, -983, 266
-,-,-
-124, -819, 62
-124, -819, 62
-90, -939, 269
-110, -1068, 303
-46, -940, 108
-26, -881, 54
-72, -978, -36
-108, -1041, -89
-60, -1011, 67
5, -986, 102
5, -986, 102
-5, -961, 85
-46, -1006, 68
-81, -1001, -57
-12, -911, -7
60, -849, 114
60, -849, 114
-15, -869, 66
-58, -832, -45
-37, -750, -43
-40, -686, -48
-46, -630, -13
-74, -528, -16
-74, -528, -16
-79, -381, -51
-16, -178, -35
-6, -60, -11
-84, -124, 122
-161, -252, 181
-223, -364, 245
-289, -538, 343
-378, -798, 522
-378, -798, 522
-438, -1040, 590
-555, -1308, 581
-694, -1488, 462
-879, -1729, 490
-992, -1914, 295
-647, -1610, 352
-563, -1641, 691
-633, -1703, 542
-491, -1689, 399
-154, -1536, 551
56, -1527, 760
171, -1492, 854
227, -1520, 582
281, -1591, 680
437, -1503, 860
504, -1452, 1036
456, -1438, 901
446, -1335, 702
465, -1207, 613
557, -1015, 691
472, -1005, 549
414, -968, 506
414, -968, 506
379, -877, 438
357, -752, 338
388, -539, 191
337, -467, 150
274, -372, 74
158, -441, -18
126, -442, 51
126, -442, 51
150, -314, -52
125, -323, 21
159, -301, 46
109, -403, 46
67, -526, 107
67, -526, 107
63, -596, 119
21, -705, 56
-43, -865, 130
-44, -979, 166
-67, -1019, 168
-,-,-
-96, -979, 188
-48, -908, 260
-10, -994, 114
-10, -994, 114
-12, -994, 256
-1, -967, 173
-54, -987, 31
-61, -963, -15
-51, -924, -1
-94, -998, 103
-94, -998, 103
-72, -929, 14
-20, -853, 27
-84, -864, 56
-114, -882, 53
-118, -825, 59
-122, -799, 91
-122, -799, 91
-81, -693, 91
-90, -649, 109
-139, -646, 76
-120, -594, 121
-27, -496, 220
-6, -490, 276
-47, -458, 217
-47, -458, 217
-116, -512, 239
-145, -578, 352
-216, -638, 474
-427, -788, 409
-495, -836, 290
-381, -774, 450
-372, -851, 598
-476, -991, 527
-617, -1243, 466
-566, -1326, 466
-421, -1386, 700
-296, -1516, 880
-274, -1722, 942
-260, -1856, 940
-148, -1763, 945
-38, -1761, 916
0, -1807, 772
0, -1807, 772
132, -1677, 856
279, -1455, 888
366, -1331, 847
455, -1258, 771
496, -1279, 607
502, -1272, 713
637, -1045, 835
674, -884, 821
708, -615, 533
607, -597, 365
473, -720, 510
473, -720, 510
430, -662, 476
367, -555, 290
284, -546, 95
171, -629, 34
107, -706, 152
161, -536, 135
161, -536, 135
131, -528, 61
86, -559, 18
96, -509, 29
69, -529, 86
69, -529, 86
29, -582, 47
-1, -593, 23
-40, -716, 51
-34, -756, 97
-34, -756, 97
-33, -820, 178
-78, -929, 171
-135, -1006, 216
-,-,-
-205, -962, 273
-142, -934, 187
-51, -787, 19
-18, -775, 153
-61, -739, 50
-61, -739, 50
-67, -726, -83
-59, -664, -17
-78, -662, 50
-177, -797, 160
-91, -727, 213
-15, -620, 129
-104, -709, 263
-104, -709, 263
-278, -864, 170
-170, -686, 329
-138, -585, 416
-150, -499, 363
-222, -617, 484
-343, -804, 551
-375, -836, 492
-445, -923, 424
-617, -1121, 301
-691, -1229, 314
-595, -1177, 421
-538, -1144, 436
-432, -1095, 522
-413, -1169, 580
-424, -1314, 636
-385, -1355, 637
-239, -1298, 776
-129, -1253, 634
-103, -1411, 611
-77, -1633, 548
74, -1746, 772
232, -1676, 899
362, -1586, 852
362, -1586, 852
433, -1485, 1023
476, -1409, 976
379, -1549, 997
355, -1469, 772
423, -1293, 791
450, -1171, 780
415, -998, 508
396, -811, 320
332, -757, 305
337, -582, 304
309, -377, 216
263, -327, 58
263, -327, 58
305, -335, 200
342, -266, 209
269, -318, 184
204, -394, 127
128, -534, 48
85, -625, 90
85, -625, 90
61, -691, 137
-15, -817, 137
-42, -880, 42
-16, -837, 171
-16, -837, 171
31, -768, 183
-36, -849, 119
-79, -908, 52
-81, -910, 127
-116, -975, 171
-132, -1016, 179
-113, -990, 112
-124, -1019, 103
-105, -1029, 153
-87, -1034, 229
-75, -1006, 220
-,-,-
-81, -801, 308
-81, -801, 308
-99, -847, 187
-80, -785, 91
6, -629, 68
30, -562, 150
-152, -734, 237
-152, -734, 237
-214, -609, 195
-155, -441, 106
-153, -440, 141
-159, -405, 184
-306, -510, 77
-393, -542, -36
-262, -452, 73
-181, -509, 409
-217, -666, 495
-360, -918, 461
-379, -1013, 218
-212, -1078, 483
-120, -1232, 931
-248, -1420, 906
-471, -1652, 576
-362, -1614, 697
-161, -1544, 1015
-172, -1605, 1112
-321, -1671, 729
-294, -1664, 512
-104, -1507, 648
78, -1381, 803
130, -1435, 842
130, -1435, 842
46, -1530, 541
40, -1662, 569
265, -1485, 713
446, -1377, 870
515, -1262, 800
475, -1324, 606
516, -1213, 609
645, -959, 666
734, -737, 665
595, -868, 528
595, -868, 528
451, -864, 267
403, -768, 309
486, -496, 412
419, -458, 363
306, -486, 202
287, -342, 55
313, -168, 89
313, -168, 89
246, -176, 0
64, -433, 44
-42, -583, -63
-55, -596, 54
-38, -540, 69
-38, -540, 69
-91, -667, 3
-163, -888, -11
-236, -1071, 53
-153, -919, 119
-58, -821, 174
-75, -891, 81
-,-,-
-174, -1080, 319
-194, -1090, 212
70, -860, 88
104, -737, 45
-104, -936, 124
-266, -966, 143
-100, -642, -13
-100, -642, -13
-18, -403, 11
-91, -397, 122
-25, -271, 237
-61, -308, 271
-155, -398, 159
-313, -465, 23
-426, -662, 59
-424, -746, 229
-331, -737, 425
-331, -737, 425
-381, -855, 399
-476, -954, 317
-496, -1120, 535
-364, -1157, 743
-408, -1293, 683
-452, -1438, 605
-376, -1410, 568
-331, -1376, 499
-304, -1347, 508
-243, -1396, 566
-102, -1273, 578
-34, -1246, 436
52, -1250, 556
140, -1275, 675
211, -1359, 725
156, -1560, 782
141, -1655, 801
266, -1570, 1044
391, -1405, 995
477, -1265, 869
521, -1230, 1060
443, -1322, 1036
537, -1093, 818
610, -874, 761
610, -874, 761
619, -706, 670
484, -798, 822
266, -974, 558
239, -784, 383
309, -463, 302
363, -292, 119
317, -331, 132
317, -331, 132
217, -489, 137
193, -537, 292
217, -448, 347
185, -402, 224
69, -537, 102
-6, -655, 71
-6, -655, 71
-13, -620, 34
-35, -657, 32
-63, -745, 49
-119, -876, 42
-159, -944, 29
-159, -944, 70
-141, -959, 70
-94, -907, 107
-,-,-
-10, -942, 226
72, -997, 106
9, -1055, 57
9, -1055, 57
-72, -1087, 15
36, -908, 122
45, -872, 93
-41, -984, 95
-41, -984, 95
-63, -960, 201
-8, -844, 344
-16, -827, 240
-37, -790, 73
-88, -812, 72
-46, -733, 120
-46, -733, 120
-41, -724, 189
-52, -658, 198
-91, -574, 144
-156, -605, 143
-131, -549, 215
-122, -523, 276
-125, -533, 261
-137, -549, 298
-179, -602, 264
-270, -758, 262
-270, -758, 262
-265, -855, 368
-157, -851, 535
-107, -864, 642
-211, -1046, 730
-418, -1256, 499
-498, -1450, 514
-264, -1275, 698
-110, -1177, 891
-305, -1366, 778
-452, -1378, 318
-288, -1262, 503
-58, -1100, 856
-30, -1114, 851
-181, -1328, 666
-78, -1306, 646
85, -1219, 818
215, -1166, 848
289, -1208, 809
241, -1421, 778
220, -1610, 808
243, -1690, 900
552, -1332, 989
552, -1332, 989
749, -1103, 1142
745, -1035, 1071
687, -1027, 1009
612, -1021, 929
604, -847, 767
510, -786, 808
423, -663, 637
238, -712, 398
236, -507, 210
302, -231, 128
314, -139, 74
314, -139, 74
161, -382, 248
111, -413, 147
117, -379, 95
133, -336, 60
128, -355, 4
128, -355, 4
70, -465, 37
31, -571, 89
-2, -666, 84
-49, -752, 52
-49, -752, 52
-80, -842, 55
-93, -931, 103
-94, -999, 181
-56, -963, 202
-19, -920, 190
-11, -971, 138
-11, -971, 138
-42, -1077, 245
-36, -1090, 270
7, -1038, 298
-,-,-
-65, -572, 403
78, -599, -62
78, -599, -62
-33, -557, -279
-100, -527, 11
-11, -291, 144
-14, -233, 111
-117, -326, 92
-104, -362, 127
-83, -383, 418
-176, -575, 528
-176, -575, 528
-242, -827, 489
-298, -1020, 664
-294, -1063, 669
-219, -1014, 634
-223, -1080, 825
-403, -1309, 907
-499, -1365, 758
-480, -1290, 567
-266, -1104, 592
-102, -1024, 750
-163, -1112, 694
-412, -1333, 568
-330, -1227, 339
-12, -1018, 591
142, -1032, 868
54, -1174, 896
-100, -1308, 659
-45, -1262, 638
34, -1138, 750
31, -1117, 777
-91, -1165, 649
-70, -1114, 514
-10, -1160, 647
-10, -1160, 647
47, -1217, 676
27, -1355, 698
39, -1430, 606
176, -1480, 808
428, -1365, 1042
667, -1157, 1037
812, -1035, 1081
812, -1052, 1063
645, -1103, 940
631, -831, 784
492, -760, 540
266, -834, 435
125, -845, 377
125, -845, 377
161, -591, 352
205, -312, 130
206, -172, 39
121, -262, 112
82, -283, 30
94, -249, 3
94, -249, 3
58, -302, -35
12, -401, -53
-34, -549, 55
-34, -549, 55
-24, -611, 151
-40, -675, 137
-117, -839, 145
-173, -958, 105
-150, -967, 167
-103, -937, 194
-84, -957, 234
-116, -1035, 202
-153, -1084, 173
-147, -1082, 146
-118, -1055, 195
-72, -1005, 197
-58, -994, 194
-58, -994, 194
-72, -1028, 196
-80, -1028, 169
-63, -1018, 197
-50, -1024, 201
-56, -1017, 246
-38, -988, 257
-49, -995, 230
-73, -1012, 193
-73, -986, 168
-53, -954, 170
-53, -954, 170
-,-,-
-173, -634, 91
-173, -634, 91
-57, -469, 123
-3, -340, 216
-69, -328, 207
-82, -226, 84
-19, -42, -210
-140, -173, -54
-199, -185, 281
-261, -292, 275
-261, -292, 275
-454, -548, 375
-413, -578, 585
-453, -733, 833
-538, -926, 718
-512, -1039, 863
-550, -1281, 909
-493, -1433, 963
-253, -1266, 775
-291, -1475, 760
-574, -1855, 644
-658, -1876, 540
-454, -1649, 715
-123, -1305, 955
-194, -1322, 850
-462, -1486, 421
-365, -1358, 444
-47, -1120, 809
187, -957, 879
164, -1139, 873
48, -1394, 773
97, -1429, 629
298, -1293, 860
567, -1090, 1129
688, -985, 1200
688, -985, 1200
601, -1048, 923
597, -1040, 932
716, -903, 1030
645, -1005, 1129
445, -1167, 989
389, -1068, 838
410, -867, 783
378, -767, 722
266, -734, 572
259, -533, 392
240, -388, 232
240, -388, 232
212, -322, 218
74, -504, 175
220, -310, 198
261, -203, 168
185, -261, 99
-8, -581, 108
-8, -581, 108
19, -596, 144
59, -574, 150
-28, -702, 129
-71, -781, 88
-92, -883, 140
-70, -908, 201
-70, -908, 201
-46, -887, 157
-69, -875, 77
-81, -886, 50
-63, -868, 29
-37, -859, 25
-37, -859, 25
-16, -850, 11
-73, -969, 46
-103, -1034, 83
-63, -1015, 120
-10, -963, 154
15, -932, 166
-10, -971, 167
-10, -971, 167
-11, -975, 162
-17, -986, 166
-22, -980, 169
-56, -1017, 154
-59, -1026, 142
-63, -1025, 137
-5, -971, 159
-27, -993, 164
-27, -993, 164
-85, -1061, 133
-78, -1060, 119
-17, -989, 182
-,-,-
-38, -769, 426
-77, -761, 291
-27, -749, 15
-13, -581, 188
27, -487, 133
-94, -432, 75
-170, -331, 53
-170, -331, 53
-80, -122, 135
61, 135, 110
-2, 181, 113
-120, 12, 31
-256, -352, 255
-256, -352, 255
-398, -673, 481
-578, -941, 534
-523, -944, 516
-453, -1052, 662
-358, -1127, 887
-310, -1203, 1080
-325, -1382, 1128
-334, -1507, 1058
-448, -1711, 916
-482, -1775, 717
-611, -1902, 753
-535, -1786, 737
-235, -1424, 889
-178, -1247, 609
-273, -1326, 493
-142, -1326, 661
127, -1274, 950
349, -1242, 1140
476, -1232, 1062
480, -1387, 1157
464, -1521, 1203
660, -1256, 1322
857, -965, 1281
777, -977, 1090
695, -1010, 1026
695, -857, 1064
700, -672, 874
550, -629, 603
418, -645, 324
380, -567, 397
380, -567, 309
246, -545, 309
230, -356, 210
237, -231, 8
255, -149, 132
231, -72, -19
77, -304, -23
77, -304, -23
24, -382, -25
28, -382, -85
18, -466, 0
-51, -669, 47
-51, -669, 47
-87, -823, 125
-78, -890, 139
-24, -866, 191
-34, -918, 160
-86, -998, 122
-61, -974, 137
-32, -938, 149
-32, -938, 149
-19, -913, 106
-36, -934, 75
-84, -1032, 54
-78, -1084, 123
-9, -1020, 223
24, -1017, 235
-8, -1057, 195
-7, -1056, 243
-7, -1056, 243
24, -1030, 277
-,-,-
37, -724, 393
118, -814, 290
35, -822, 16
35, -822, 16
57, -794, -77
-49, -864, -27
52, -785, 156
-25, -774, -45
-170, -835, -89
-138, -643, 64
-138, -643, 64
-122, -469, 181
-230, -420, 114
-303, -256, -43
-299, -99, 56
-259, 7, 244
-218, 32, 448
-359, -217, 514
-449, -419, 393
-449, -419, 393
-426, -611, 496
-446, -846, 486
-615, -1203, 451
-666, -1389, 390
-382, -1301, 641
-118, -1401, 1167
-63, -1607, 1269
-157, -1956, 1288
48, -1920, 1340
290, -1809, 1489
394, -1749, 1461
324, -1782, 1239
334, -1758, 1199
399, -1603, 1175
479, -1375, 1167
457, -1293, 1109
467, -1126, 1013
459, -1036, 944
452, -923, 825
412, -900, 773
348, -894, 681
411, -690, 608
508, -383, 471
452, -357, 289
452, -357, 289
360, -519, 386
404, -386, 311
460, -237, 248
430, -195, 170
281, -339, 43
133, -618, 219
155, -547, 157
155, -547, 157
135, -546, 150
94, -601, 129
13, -735, 99
11, -788, 162
9, -781, 178
9, -781, 178
-30, -845, 180
-48, -897, 168
-56, -935, 165
-43, -907, 170
-22, -876, 157
-16, -905, 183
-16, -905, 183
-35, -953, 156
-50, -1000, 180
-27, -976, 165
-10, -963, 176
-6, -976, 160
-8, -998, 199
16, -968, 186
16, -968, 186
35, -948, 235
38, -946, 230
-6, -1006, 195
-3, -1009, 195
-9, -1013, 165
3, -967, 192
3, -967, 192
16, -948, 197
8, -972, 161
0, -992, 157
0, -992, 157
-12, -1009, 152
-25, -1020, 196
2, -999, 238
25, -968, 277
-,-,-
-102, -1029, 38
15, -866, -172
15, -866, -172
21, -809, 189
-29, -925, 189
-92, -899, 148
-58, -797, 69
-4, -704, 38
-4, -704, 38
-45, -655, -31
-60, -563, -136
-9, -412, 26
-59, -318, -25
-139, -281, 9
-192, -313, 93
-192, -313, 93
-289, -377, 55
-392, -430, 0
-431, -442, 37
-303, -359, 241
-267, -448, 565
-269, -553, 644
-420, -793, 467
-406, -887, 653
-331, -1068, 998
-332, -1295, 1183
-373, -1415, 1204
-322, -1356, 1126
-270, -1373, 1053
-270, -1527, 1039
-324, -1695, 1062
-230, -1588, 971
-168, -1492, 926
-72, -1390, 974
-80, -1324, 971
-51, -1255, 874
-29, -1258, 904
-13, -1280, 924
30, -1319, 1006
30, -1319, 1006
120, -1254, 1041
129, -1353, 1163
270, -1241, 1149
262, -1318, 1167
331, -1240, 1164
388, -1080, 1124
398, -977, 916
403, -893, 852
465, -618, 732
435, -533, 641
279, -596, 382
306, -394, 227
374, -236, 280
448, -73, 185
448, -73, 185
314, -271, 180
298, -249, 99
305, -229, 47
268, -318, 116
233, -394, 104
233, -394, 104
158, -505, 26
107, -565, -9
43, -691, 47
-35, -870, 91
-64, -948, 69
-64, -948, 69
-28, -905, 79
7, -876, 137
-4, -910, 100
-19, -952, 72
-15, -984, 112
-15, -984, 112
-25, -1034, 156
11, -1015, 185
28, -1006, 160
16, -1011, 130
18, -1027, 178
19, -1027, 220
-8, -1050, 197
-28, -1050, 149
-28, -1058, 149
-37, -1051, 129
-34, -1060, 141
-22, -1029, 195
-23, -1003, 175
-34, -1004, 133
-19, -984, 119
-3, -956, 166
32, -913, 189
18, -951, 173
18, -951, 173
-18, -1003, 167
-28, -1013, 159
-22, -1011, 179
-3, -988, 203
-,-,-
-35, -954, 122
-35, -954, 122
38, -920, 95
68, -872, 73
11, -890, 63
28, -935, -8
28, -935, -8
5, -994, 130
-28, -1050, 144
-55, -1038, 131
-17, -998, 130
29, -959, 139
-14, -1010, 163
-68, -1059, 97
-68, -1059, 97
-67, -1019, 68
-31, -927, 66
-12, -913, 88
-33, -916, 105
-58, -922, 60
-66, -892, 62
-66, -892, 62
-41, -825, 81
-65, -803, 105
-107, -779, 103
-145, -752, 118
-136, -636, 145
-146, -524, 60
-149, -398, 34
-149, -398, 34
-155, -317, 64
-166, -274, 158
-148, -312, 343
-92, -246, 385
-145, -307, 324
-251, -485, 324
-222, -570, 523
-294, -753, 635
-432, -887, 441
-597, -1171, 348
-408, -1129, 491
-220, -1161, 889
-129, -1270, 887
-186, -1552, 962
-177, -1827, 1008
52, -1675, 1129
179, -1715, 1200
763, -1775, 1280
550, -1051, 1556
421, -1399, 196
421, -1399, 196
302, -1386, 868
443, -1034, 683
447, -1062, 715
385, -1192, 852
309, -1251, 847
263, -1306, 902
271, -1253, 907
309, -1135, 846
346, -994, 821
409, -807, 739
350, -859, 734
281, -874, 683
281, -874, 683
339, -663, 515
358, -567, 422
395, -450, 415
385, -460, 503
387, -367, 322
403, -265, 235
414, -235, 233
414, -235, 212
385, -283, 212
263, -538, 257
206, -600, 197
135, -690, 183
79, -774, 188
84, -785, 227
73, -794, 194
73, -794, 194
42, -833, 158
30, -831, 144
22, -850, 174
30, -859, 203
4, -886, 158
4, -886, 158
-22, -921, 139
-37, -940, 129
-9, -913, 168
2, -937, 229
2, -937, 229
17, -911, 184
-9, -943, 146
-29, -978, 168
-64, -1031, 160
-33, -1007, 210
4, -967, 208
4, -967, 208
-2, -970, 205
-16, -980, 196
-17, -990, 198
12, -960, 283
23, -953, 306
23, -953, 306
-6, -995, 266
-33, -1018, 235
-51, -1034, 181
-38, -1010, 229
-34, -987, 228
-23, -969, 237
-34, -996, 224
-34, -996, 224
-54, -1013, 203
-46, -989, 258
-39, -963, 214
-38, -961, 218
-27, -944, 225
-19, -939, 181
-21, -964, 200
-23, -966, 204
-,-,-
-81, -1024, 313
-81, -1024, 313
-13, -963, 173
2, -891, 262
-22, -916, 172
-96, -933, 262
-116, -986, 213
-31, -941, 249
-12, -867, 303
-51, -872, 246
-51, -872, 246
-113, -958, 250
-137, -1006, 219
-108, -969, 198
-131, -999, 182
-144, -983, 61
-169, -1046, 134
-112, -992, 166
-136, -998, 139
-96, -933, 165
-123, -920, 158
-102, -862, 210
-79, -811, 189
-79, -811, 189
-11, -722, 179
7, -678, 159
-23, -666, 122
-53, -635, 94
-67, -606, 156
-62, -551, 195
-62, -551, 195
-182, -579, 212
-183, -439, 158
-86, -226, 194
-147, -269, 327
-311, -422, 442
-469, -630, 353
-436, -673, 331
-294, -611, 469
-275, -724, 482
-190, -825, 580
-137, -1039, 576
-109, -1204, 423
120, -1198, 549
592, -1067, 955
602, -1400, 1449
49, -1996, 1532
49, -1996, 1532
1087, -1976, 1624
-29, -774, 163
54, -610, 37
-95, -811, 730
-374, -611, 177
-496, -765, 218
-426, -724, 244
-418, -770, 307
-389, -950, 581
-322, -1176, 751
-257, -1287, 684
-187, -1375, 736
-5, -1394, 884
163, -1433, 908
163, -1433, 908
259, -1530, 1025
257, -1611, 1081
244, -1563, 1092
365, -1251, 980
583, -790, 938
618, -510, 748
571, -530, 867
430, -590, 627
256, -709, 339
300, -543, 370
317, -437, 227
317, -437, 227
425, -264, 208
161, -672, 373
138, -646, 329
242, -475, 246
234, -477, 189
229, -469, 179
213, -525, 285
157, -632, 323
157, -632, 323
161, -572, 154
145, -560, 102
139, -574, 58
74, -669, 88
23, -728, 92
23, -728, 92
31, -764, 83
52, -828, 86
3, -914, 150
3, -914, 202
-17, -961, 202
-15, -1017, 229
-10, -1082, 287
-26, -1122, 305
-50, -1166, 299
-,-,-
-31, -1053, 381
-31, -1053, 381
-11, -1046, 288
12, -981, 182
77, -954, 132
61, -963, 285
48, -1002, 321
21, -1021, 313
14, -937, 178
14, -937, 178
-36, -930, 60
-60, -887, 59
-63, -871, 54
-58, -863, 136
-50, -793, 65
-50, -793, 65
-53, -751, 53
-51, -701, 4
-103, -731, -43
-146, -758, 46
-94, -573, 116
-94, -573, 116
-74, -430, 97
-102, -365, 97
-238, -372, -31
-231, -276, -17
-72, -173, 233
13, -159, 470
-53, -322, 577
-242, -666, 474
-242, -666, 474
-332, -866, 434
-248, -957, 666
-246, -1100, 645
-205, -1224, 765
-124, -1266, 908
-204, -1372, 787
-359, -1474, 456
-433, -1563, 612
-279, -1353, 683
-241, -1360, 839
-298, -1406, 880
-334, -1324, 740
-412, -1385, 643
-326, -1358, 783
-252, -1365, 925
-219, -1421, 982
-28, -1310, 956
86, -1388, 1013
182, -1532, 967
195, -1773, 933
450, -1662, 1097
704, -1490, 1252
818, -1290, 1309
768, -1096, 1217
788, -733, 1029
625, -639, 848
560, -418, 741
628, 2, 506
628, 2, 506
574, 139, 340
313, -110, 26
273, -241, 187
392, -64, 205
392, -64, 205
464, 80, 159
309, -163, 116
136, -463, 93
186, -478, 183
173, -551, 258
173, -551, 258
72, -699, 227
-20, -849, 129
-49, -916, 146
-48, -925, 186
-74, -962, 215
-79, -943, 135
-67, -935, 99
-67, -935, 99
-55, -968, 99
-51, -990, 230
6, -955, 301
14, -964, 247
4, -1023, 241
4, -1023, 241
2, -1057, 226
4, -1049, 277
30, -1025, 365
42, -1012, 301
20, -1026, 244
20, -1026, 244
26, -1001, 233
42, -978, 220
42, -942, 195
-,-,-
1, -949, 365
-53, -1107, 289
-47, -1067, 34
-15, -990, 60
-15, -990, 60
-57, -1156, 14
-35, -1127, 77
106, -1007, 212
71, -1018, 211
-25, -1070, 65
3, -1072, 76
63, -941, 195
63, -941, 195
109, -853, 233
55, -917, 114
0, -906, -9
97, -730, 23
97, -730, 23
176, -567, 71
137, -634, 88
66, -714, 44
9, -790, 37
9, -790, 37
-12, -815, 134
-28, -801, 210
-67, -773, 226
-128, -740, 187
-205, -654, 211
-190, -384, 193
-190, -384, 193
-193, -248, 331
-185, -103, 334
-272, -234, 331
-115, -172, 345
28, -185, 412
-90, -571, 439
-226, -1070, 391
-206, -1359, 368
-109, -1514, 500
-67, -1699, 829
30, -1691, 1157
-138, -1872, 1150
-252, -1791, 876
-128, -1495, 947
-46, -1271, 902
-128, -1271, 836
-272, -1327, 669
-276, -1192, 384
-87, -1017, 596
40, -1051, 845
40, -1051, 845
-10, -1259, 806
-39, -1446, 706
58, -1568, 963
290, -1469, 1255
436, -1414, 1363
455, -1408, 1320
466, -1298, 1151
500, -1236, 1263
694, -804, 1218
948, -194, 1122
690, -413, 742
156, -848, 250
343, -567, 605
405, -352, 492
405, -352, 492
463, -124, 384
353, -164, 236
323, -112, 118
317, -153, 174
271, -266, 220
201, -361, 119
124, -500, 118
124, -500, 118
55, -603, 106
59, -661, 152
43, -728, 149
4, -838, 126
-3, -920, 201
-3, -920, 201
23, -925, 276
40, -926, 256
25, -960, 225
11, -991, 212
-30, -1046, 215
-10, -1029, 205
-10, -1029, 205
30, -971, 206
57, -925, 196
51, -934, 225
9, -989, 227
35, -984, 293
35, -984, 293
45, -980, 244
73, -964, 219
-,-,-
-49, -945, 433
-105, -1052, 558
-164, -1062, 321
-43, -1024, 194
30, -944, 300
-33, -1139, 256
-46, -1142, 188
14, -1030, 220
17, -987, 193
17, -987, 193
33, -963, 298
-4, -975, 236
-37, -944, 103
-51, -909, 39
-16, -877, 110
-15, -881, 154
-15, -881, 154
-59, -928, 98
-78, -928, 43
-73, -902, -6
-45, -893, 49
-56, -923, 73
-56, -923, 73
-50, -936, 66
-5, -887, 85
0, -883, 93
-45, -918, 39
-45, -918, 39
-85, -1005, 106
-74, -985, 127
-38, -939, 195
-42, -933, 242
-83, -927, 200
-126, -886, 199
-171, -813, 184
-232, -753, 211
-280, -641, 241
-280, -641, 241
-309, -446, 188
-330, -265, 134
-351, -128, 73
-282, 20, 94
-202, 42, 221
-69, 8, 354
-69, 8, 354
-61, -361, 512
-201, -854, 544
-237, -1158, 499
-179, -1408, 737
-37, -1461, 995
95, -1384, 1204
109, -1488, 1324
94, -1476, 1250
-38, -1532, 1055
-132, -1672, 896
38, -1498, 1075
57, -1479, 1005
-115, -1700, 926
-117, -1620, 840
-64, -1546, 945
-54, -1488, 877
-54, -1488, 877
38, -1389, 948
180, -1244, 1055
284, -1137, 1074
368, -1006, 995
397, -994, 991
527, -825, 1009
573, -724, 964
700, -430, 825
603, -425, 622
376, -666, 588
447, -417, 482
447, -417, 482
546, -221, 482
563, -154, 443
476, -218, 303
400, -346, 322
385, -356, 324
317, -403, 226
232, -480, 155
162, -568, 71
162, -568, 71
143, -591, 80
131, -633, 104
107, -695, 93
33, -830, 79
33, -830, 79
-6, -910, 72
1, -937, 143
-6, -999, 201
-8, -1015, 214
-8, -1015, 214
4, -998, 192
31, -976, 203
42, -992, 229
34, -1006, 226
32, -1020, 226
59, -975, 230
59, -975, 230
68, -995, 259
66, -1007, 256
73, -997, 243
82, -963, 228
78, -949, 242
78, -949, 242
80, -950, 240
74, -943, 241
80, -924, 217
85, -928, 206
94, -939, 237
94, -939, 237
73, -974, 207
58, -1001, 202
75, -996, 229
74, -1007, 215
75, -1000, 222
75, -1000, 222
91, -977, 216
90, -978, 200
84, -988, 206
57, -1013, 202
43, -1025, 204
47, -1007, 223
47, -1007, 223
64, -968, 201
81, -955, 225
81, -973, 226
46, -994, 218
53, -989, 216
-,-,-
-61, -887, 68
-61, -887, 68
91, -744, 278
275, -631, 320
-24, -926, -121
-237, -1097, -234
109, -798, 327
76, -947, 312
52, -1031, 355
52, -1031, 355
40, -1041, 365
-44, -1105, 243
66, -978, 252
13, -955, 102
-60, -953, 84
-43, -819, 148
-59, -652, 134
-59, -652, 134
-113, -476, 47
-192, -375, -153
-237, -296, -9
-132, -76, 22
-26, 113, 84
-71, 22, 182
-71, 22, 182
-149, -233, 266
-244, -582, 449
-373, -859, 476
-458, -1033, 439
-513, -1280, 596
-523, -1539, 863
-547, -1693, 847
-489, -1640, 715
-236, -1306, 669
-176, -1279, 760
-38, -1123, 833
14, -1197, 955
109, -1152, 786
93, -1373, 862
30, -1628, 865
30, -1628, 865
-24, -1851, 951
13, -1852, 994
164, -1640, 1152
275, -1517, 1185
201, -1490, 1091
159, -1446, 1088
241, -1256, 1010
391, -963, 973
365, -934, 906
389, -772, 747
251, -866, 706
280, -688, 597
426, -417, 581
426, -417, 581
498, -259, 499
439, -254, 282
322, -388, 326
317, -454, 432
435, -253, 363
414, -245, 318
338, -294, 164
338, -294, 164
280, -387, 166
237, -487, 227
188, -541, 158
200, -525, 129
127, -665, 102
25, -825, 80
24, -861, 135
24, -861, 135
46, -883, 184
19, -964, 207
5, -986, 196
-7, -1034, 148
-7, -1034, 148
7, -1033, 148
24, -1022, 189
85, -963, 261
74, -988, 252
58, -985, 183
76, -970, 186
76, -970, 186
62, -1003, 232
81, -998, 261
84, -993, 271
63, -1021, 233
61, -1008, 250
55, -1012, 287
55, -1012, 287
-,-,-
-86, -926, 193
-86, -926, 193
-66, -907, 187
-74, -1022, -9
4, -925, 40
118, -807, 157
-11, -935, 194
-7, -965, 96
-7, -965, 96
1, -954, 250
-5, -904, 200
-43, -893, 83
-43, -893, 83
-8, -799, 165
-41, -766, 170
-129, -765, 196
-198, -652, 91
-273, -578, -20
-287, -421, 55
-246, -191, 81
-36, 244, 70
-36, 244, 70
116, 618, 26
-23, 414, 176
-319, -326, 494
-566, -1035, 666
-541, -1267, 644
-523, -1395, 619
-524, -1580, 823
-528, -1726, 1058
-444, -1542, 939
-404, -1454, 836
-357, -1342, 758
-190, -1163, 775
-104, -1156, 717
-46, -1238, 692
31, -1365, 662
31, -1365, 662
73, -1561, 814
93, -1676, 932
285, -1614, 1158
375, -1635, 1279
337, -1736, 1357
416, -1532, 1421
526, -1293, 1366
526, -1144, 1235
599, -846, 1000
436, -932, 876
356, -996, 950
350, -779, 736
290, -676, 504
290, -676, 504
350, -462, 475
297, -501, 561
273, -447, 529
218, -420, 383
169, -428, 190
183, -359, 118
266, -228, 158
312, -190, 111
312, -190, 111
335, -190, 86
267, -296, 65
199, -404, -2
133, -546, 32
110, -649, 70
110, -649, 70
132, -688, 109
95, -788, 98
50, -909, 79
40, -953, 122
40, -953, 122
20, -1018, 155
23, -1048, 179
58, -1020, 165
71, -995, 130
62, -989, 94
68, -1006, 137
68, -1006, 137
91, -1011, 212
85, -1035, 300
88, -1013, 247
87, -1025, 214
73, -1068, 189
81, -1046, 249
70, -1032, 304
70, -1032, 304
68, -985, 274
86, -947, 203
-,-,-
115, -943, 206
116, -1014, 159
24, -967, 207
36, -988, 156
113, -982, 183
169, -957, 275
210, -968, 261
210, -968, 261
174, -960, 255
114, -964, 227
79, -940, 231
56, -896, 235
13, -849, 214
17, -817, 132
17, -817, 132
9, -766, 146
1, -748, 137
19, -738, 155
8, -739, 33
8, -739, 33
-66, -691, 0
-170, -637, 43
-224, -607, 161
-181, -608, 141
-246, -657, -42
-246, -657, -42
-337, -611, 183
-597, -655, 410
-537, -824, 470
-61, -874, 248
-102, -828, 288
-696, -917, 468
-670, -974, 545
-294, -1019, 271
-227, -1019, -44
-636, -995, 139
-884, -1101, 434
-399, -1114, 323
-4, -1112, 40
23, -1068, 62
23, -1068, 62
-319, -1188, 286
-483, -1314, 453
-429, -1421, 447
-253, -1518, 528
-41, -1580, 797
42, -1683, 949
116, -1758, 869
240, -1804, 791
316, -1750, 928
286, -1598, 1008
287, -1374, 1021
514, -1205, 752
643, -1083, 469
604, -988, 268
384, -845, 404
384, -845, 404
294, -693, 400
421, -548, 291
518, -464, 138
324, -500, 111
99, -423, 322
111, -417, 169
127, -455, 108
127, -455, 108
134, -507, 64
50, -570, 65
35, -605, 38
58, -636, -31
50, -710, -57
50, -710, -57
32, -763, 7
20, -812, 39
53, -855, 59
53, -855, 59
93, -936, -32
73, -985, -47
89, -992, 1
135, -1006, 15
135, -1006, 15
183, -1044, 3
173, -1089, 3
93, -1102, 125
25, -1081, 230
4, -1071, 263
19, -1077, 208
19, -1077, 208
13, -1066, 181
12, -1022, 232
-23, -1001, 222
-,-,-
-32, -1002, 198
-36, -1034, 191
-47, -1015, 188
-41, -1004, 202
-6, -994, 212
-15, -998, 184
-47, -1013, 168
-47, -1013, 168
-72, -998, 181
-90, -991, 208
-49, -972, 200
5, -965, 186
-5, -964, 193
-64, -947, 201
-99, -925, 212
-99, -925, 212
-80, -897, 178
-53, -860, 153
-77, -838, 128
-113, -825, 111
-139, -805, 116
-89, -755, 156
7, -650, 249
7, -650, 249
29, -562, 335
-80, -529, 326
-246, -542, 217
-426, -547, 116
-438, -528, 59
-303, -500, 137
-199, -600, 201
-358, -713, 215
-358, -713, 215
-478, -711, 149
-483, -698, 50
-619, -819, 116
-766, -1036, 276
-890, -1169, 232
-1130, -1122, 458
-1099, -1234, 763
-547, -1371, 822
-116, -1431, 622
-74, -1438, 567
-101, -1510, 742
2, -1550, 883
40, -1562, 758
119, -1557, 678
219, -1548, 819
286, -1517, 996
233, -1525, 971
347, -1415, 929
412, -1246, 868
412, -1246, 868
463, -1057, 775
435, -896, 660
360, -741, 668
309, -602, 693
401, -527, 502
379, -518, 441
292, -539, 460
242, -590, 557
254, -656, 409
254, -656, 409
335, -707, 214
289, -735, 192
200, -793, 232
61, -794, 320
30, -798, 353
103, -806, 238
103, -806, 238
149, -808, 164
117, -816, 145
47, -818, 173
9, -841, 127
36, -861, 73
36, -861, 73
46, -858, 60
67, -861, 61
49, -867, 67
39, -891, 76
39, -891, 76
45, -913, 108
50, -940, 114
33, -950, 155
17, -960, 192
17, -960, 192
24, -969, 199
41, -982, 201
57, -996, 192
30, -994, 227
12, -992, 252
12, -992, 252
17, -984, 237
16, -978, 210
25, -968, 208
-4, -976, 220
18, -981, 218
18, -981, 218
1, -986, 196
1, -982, 173
27, -957, 153
17, -939, 152
17, -939, 152
24, -921, 221
28, -909, 241
-,-,-
14, -978, 272
-57, -946, 299
-20, -975, 272
54, -1007, 218
15, -1030, 169
15, -1030, 169
-2, -1013, 201
-56, -1013, 210
-38, -994, 239
7, -968, 275
104, -950, 261
142, -928, 244
88, -890, 269
88, -890, 269
-33, -844, 290
-114, -779, 266
-170, -667, 183
-206, -553, 124
-213, -455, 142
-148, -344, 173
-256, -276, 177
-484, -273, 269
-493, -355, 245
-273, -496, 172
-18, -635, 93
-18, -635, 93
-145, -790, 122
-505, -892, 336
-507, -997, 319
-144, -1072, 317
-49, -1195, 387
-362, -1210, 545
-624, -1154, 691
-597, -1188, 695
-378, -1258, 789
-215, -1294, 818
-339, -1248, 780
-653, -1412, 853
-706, -1421, 1858
-229, -1425, 955
426, -1261, 194
298, -1313, -13
-165, -1309, 471
-328, -1313, 726
86, -1370, 543
561, -1468, 435
655, -1492, 686
449, -1452, 972
449, -1452, 972
154, -1334, 1198
227, -1160, 1046
356, -975, 801
344, -784, 610
338, -651, 536
411, -554, 412
377, -462, 404
378, -435, 294
281, -435, 190
162, -431, 231
162, -431, 231
170, -454, 227
220, -510, 146
200, -578, 128
136, -628, 171
109, -667, 192
108, -709, 147
81, -755, 121
81, -755, 121
71, -804, 97
55, -854, 84
42, -869, 124
45, -901, 120
45, -901, 120
73, -917, 109
95, -947, 112
78, -986, 140
84, -1001, 171
96, -1000, 192
102, -992, 214
102, -992, 214
86, -1005, 211
71, -1013, 224
67, -1016, 243
48, -1011, 256
60, -1001, 264
55, -990, 269
48, -985, 253
48, -985, 253
37, -976, 252
18, -974, 247
38, -975, 223
51, -975, 193
51, -975, 193
64, -971, 187
52, -965, 184
63, -964, 170
73, -971, 155
76, -984, 141
76, -984, 141
63, -993, 165
47, -1000, 182
42, -1000, 167
46, -982, 176
39, -970, 188
15, -975, 198
15, -975, 198
23, -971, 199
56, -972, 192
-,-,-
-81, -938, 167
-99, -882, 258
-84, -844, 323
-5, -764, 279
13, -647, 258
-159, -598, 153
-283, -528, 198
-326, -528, 262
-326, -459, 262
-406, -452, 210
-527, -537, 218
-435, -523, 414
-77, -576, 239
146, -634, 94
53, -760, 97
-333, -884, 255
-244, -820, 260
-95, -806, 175
-95, -806, 175
-359, -921, 288
-687, -1111, 297
-755, -1156, 377
-409, -1123, 437
-109, -1160, 538
-74, -1226, 768
-42, -1258, 895
116, -1226, 807
363, -1210, 664
295, -1329, 555
-312, -1642, 809
-742, -1645, 1504
-639, -1659, 882
-117, -1694, 528
24, -1743, 955
-170, -1746, 1046
24, -1612, 1061
429, -1529, 805
627, -1344, 762
632, -1106, 663
506, -855, 589
506, -855, 589
426, -600, 519
396, -434, 307
511, -305, 217
378, -262, 245
194, -311, 292
139, -338, 378
231, -417, 307
266, -501, 228
266, -501, 228
236, -567, 225
136, -625, 231
86, -676, 235
51, -715, 226
31, -755, 240
-4, -805, 207
-4, -805, 207
-6, -839, 167
23, -889, 112
64, -909, 85
84, -931, 80
84, -931, 80
106, -951, 103
96, -977, 129
87, -985, 189
100, -988, 224
104, -996, 236
104, -996, 236
102, -998, 246
91, -988, 279
49, -978, 299
30, -983, 259
37, -982, 240
88, -977, 211
88, -977, 211
102, -972, 210
86, -973, 217
70, -971, 200
89, -965, 185
85, -965, 172
85, -965, 172
78, -968, 184
66, -965, 202
60, -965, 205
94, -965, 207
94, -965, 207
85, -981, 190
57, -966, 235
33, -975, 223
40, -984, 222
63, -988, 201
63, -988, 201
75, -977, 205
-,-,-
65, -1001, 269
23, -998, 262
3, -1000, 249
-4, -990, 240
0, -1001, 191
0, -1001, 191
14, -1009, 152
32, -970, 161
47, -919, 177
-11, -883, 136
-74, -827, 136
-115, -764, 114
-98, -667, 108
-98, -667, 108
-31, -521, 131
102, -364, 156
94, -276, 215
-131, -231, 152
-391, -186, 114
-359, -315, 26
-72, -515, 28
-72, -515, 28
-103, -695, 134
-424, -821, 232
-499, -871, 267
-464, -1021, 487
-556, -1224, 665
-693, -1244, 840
-743, -1299, 1052
-421, -1336, 1163
-13, -1336, 875
131, -1217, 675
-129, -1102, 462
-503, -1042, 555
-376, -1099, 549
5, -1178, 356
-17, -1221, 270
-433, -1254, 211
-653, -1303, 490
-444, -1417, 768
-107, -1531, 768
-8, -1597, 865
6, -1569, 1048
6, -1569, 1048
121, -1537, 1126
208, -1452, 1267
405, -1303, 1171
507, -1137, 1001
544, -962, 861
465, -822, 765
347, -644, 733
259, -554, 536
249, -506, 353
260, -471, 270
241, -482, 182
140, -500, 278
140, -500, 278
95, -547, 285
101, -607, 320
126, -654, 300
73, -708, 272
31, -754, 228
-17, -765, 244
-17, -765, 244
-39, -749, 333
13, -763, 284
12, -797, 216
30, -814, 149
33, -838, 80
33, -838, 80
43, -845, 104
74, -883, 105
50, -900, 142
39, -917, 187
39, -917, 187
44, -931, 207
36, -937, 234
25, -943, 244
42, -956, 243
72, -962, 217
72, -962, 217
61, -976, 198
40, -982, 205
39, -969, 231
48, -955, 230
42, -966, 198
42, -966, 198
5, -970, 201
-20, -972, 229
-16, -977, 225
11, -983, 223
38, -984, 209
38, -984, 209
45, -986, 220
45, -987, 259
32, -992, 256
31, -980, 275
48, -975, 280
48, -975, 280
46, -975, 272
22, -978, 268
0, -969, 269
-14, -960, 253
-6, -953, 251
-6, -953, 251
20, -954, 238
26, -965, 218
52, -968, 213
64, -969, 222
64, -969, 222
66, -978, 228
25, -978, 249
27, -981, 251
45, -986, 233
39, -985, 245
39, -985, 245
33, -981, 273
12, -975, 316
10, -973, 310
30, -969, 261
29, -969, 250
29, -969, 250
24, -966, 259
36, -975, 261
42, -978, 271
51, -980, 248
48, -983, 215
48, -983, 215
54, -979, 257
47, -972, 264
39, -977, 262
44, -977, 254
44, -977, 254
16, -983, 254
21, -975, 276
25, -965, 280
10, -963, 263
0, -948, 281
0, -948, 281
3, -946, 288
2, -955, 276
-,-,-
-180, -922, 296
-90, -948, 248
71, -941, 132
71, -941, 132
-30, -888, 172
-113, -873, 181
-153, -830, 175
-196, -784, 125
-108, -700, 54
-107, -633, 54
-181, -531, 78
-291, -449, -12
-358, -360, -61
-442, -280, 31
-442, -280, 31
-533, -303, 167
-446, -394, 247
-353, -443, 329
-356, -539, 436
-544, -781, 766
-296, -943, 727
34, -1075, 432
-4, -1167, 382
-297, -1260, 524
-350, -1371, 653
-84, -1430, 546
178, -1381, 500
-32, -1353, 470
-32, -1353, 470
-421, -1259, 565
-625, -1268, 663
-569, -1308, 660
-350, -1286, 628
-291, -1244, 623
-400, -1321, 703
-341, -1399, 721
-189, -1423, 600
-127, -1438, 591
-174, -1437, 756
7, -1438, 972
283, -1481, 1026
570, -1484, 1019
658, -1382, 1062
612, -1219, 1039
651, -998, 880
597, -843, 751
509, -685, 681
361, -549, 522
284, -437, 402
284, -437, 402
291, -341, 311
229, -348, 144
242, -360, 137
174, -408, 174
96, -438, 182
86, -460, 149
139, -517, 40
139, -517, 40
152, -600, -54
58, -651, 16
-25, -694, 124
-51, -748, 150
6, -804, 81
6, -804, 81
28, -871, 35
34, -907, 104
20, -947, 139
20, -947, 139
23, -970, 179
74, -981, 197
111, -998, 159
91, -1005, 170
43, -1015, 220
26, -1026, 229
26, -1026, 229
9, -1016, 264
20, -1006, 259
27, -998, 243
35, -985, 256
10, -988, 256
-6, -977, 270
-6, -977, 270
-5, -981, 246
39, -977, 190
76, -971, 161
92, -965, 165
100, -967, 149
100, -967, 149
83, -976, 162
49, -986, 184
37, -987, 209
59, -983, 210
82, -990, 204
82, -990, 204
84, -990, 230
59, -996, 251
76, -979, 273
101, -979, 233
104, -980, 221
104, -980, 221
61, -968, 257
33, -955, 286
9, -963, 279
38, -964, 236
14, -960, 243
14, -960, 243
27, -963, 233
45, -981, 208
70, -983, 229
110, -988, 221
-,-,-
-59, -974, 228
-59, -974, 228
23, -932, 272
53, -976, 172
25, -1034, 81
-10, -1016, 124
-2, -1001, 111
-34, -1001, 122
-34, -1001, 122
-77, -1000, 119
-52, -997, 114
-32, -989, 113
-48, -964, 133
-54, -938, 137
-67, -915, 189
4, -887, 173
67, -834, 119
67, -834, 119
-22, -788, 109
-142, -764, 98
-168, -778, 66
-57, -740, 86
48, -691, 40
48, -691, 40
14, -620, 58
-81, -574, -21
-187, -573, -39
-190, -509, 252
6, -468, 295
143, -467, 254
143, -467, 254
61, -532, 213
-293, -618, 318
-592, -583, 597
-654, -603, 684
-359, -758, 638
34, -999, 726
87, -1072, 848
2, -1082, 777
2, -1082, 777
-106, -1111, 797
-11, -1258, 1028
340, -1388, 808
484, -1473, 267
8, -1437, 321
-460, -1524, 818
-386, -1654, 1068
-23, -1788, 926
215, -1937, 732
325, -1930, 956
313, -1790, 1371
413, -1582, 1643
772, -1412, 1271
963, -1268, 823
872, -1046, 653
608, -783, 653
608, -783, 653
442, -499, 870
441, -356, 736
449, -325, 468
397, -342, 254
290, -383, 179
276, -380, 223
248, -417, 190
320, -496, 147
320, -496, 147
305, -576, 162
267, -583, 246
187, -597, 293
142, -625, 285
123, -668, 207
138, -718, 115
136, -746, 109
136, -746, 109
109, -754, 162
79, -806, 133
80, -837, 116
76, -857, 130
70, -867, 158
91, -900, 185
91, -900, 185
98, -935, 191
101, -953, 203
112, -961, 223
115, -963, 243
121, -956, 270
87, -965, 294
87, -965, 294
66, -978, 310
88, -978, 303
124, -976, 264
143, -959, 285
138, -965, 293
138, -965, 293
132, -978, 290
138, -977, 290
155, -963, 280
175, -944, 283
166, -945, 289
153, -957, 278
160, -961, 268
174, -962, 274
174, -962, 274
162, -965, 277
135, -972, 275
113, -973, 267
106, -968, 302
-,-,-
33, -937, 366
27, -969, 307
33, -989, 191
43, -962, 262
64, -981, 236
51, -1009, 159
51, -1009, 159
19, -944, 263
2, -928, 187
-35, -883, 269
-116, -904, 103
-47, -783, 118
-101, -703, 194
-189, -660, 117
-189, -660, 117
-174, -588, 49
-135, -515, 168
15, -520, 202
15, -590, 129
-111, -669, 148
-145, -725, 166
-42, -802, 108
187, -840, -21
174, -839, -9
174, -839, -9
-193, -841, 288
-433, -847, 625
-318, -910, 703
-139, -953, 703
-182, -906, 797
-358, -898, 768
-380, -897, 738
-123, -896, 680
179, -918, 521
73, -946, 381
73, -946, 381
-257, -1035, 588
-209, -1044, 635
19, -1100, 307
90, -1123, 140
-359, -1212, 294
-939, -1354, 454
-1041, -1500, 477
-925, -1706, 490
-917, -1862, 853
-912, -1879, 1163
-707, -1870, 1176
-129, -1753, 1210
368, -1645, 1076
658, -1450, 965
728, -1200, 782
786, -888, 692
685, -663, 575
629, -432, 548
455, -335, 475
354, -268, 444
354, -268, 444
333, -230, 415
218, -256, 328
191, -324, 365
165, -388, 339
142, -463, 247
112, -542, 207
102, -583, 174
102, -583, 174
63, -631, 213
72, -688, 213
100, -758, 119
74, -804, 121
41, -840, 154
34, -881, 180
34, -881, 180
96, -936, 98
128, -983, 65
136, -999, 129
113, -1005, 206
65, -1004, 251
65, -1004, 251
33, -1000, 262
7, -1001, 287
-12, -988, 323
-28, -980, 337
-10, -970, 317
28, -963, 262
31, -958, 238
31, -958, 238
-14, -954, 276
-38, -971, 289
9, -974, 255
52, -973, 230
60, -993, 193
60, -993, 193
76, -996, 193
57, -989, 215
41, -978, 230
38, -1000, 176
49, -998, 149
49, -998, 149
25, -964, 234
-33, -962, 309
-28, -947, 339
-,-,-
-8, -864, 417
-77, -925, 344
-96, -942, 306
-58, -949, 302
-58, -949, 302
4, -943, 268
55, -937, 264
44, -935, 292
-7, -953, 278
-41, -945, 276
-41, -945, 276
-8, -973, 212
67, -962, 194
114, -945, 240
45, -954, 232
-2, -967, 201
-15, -953, 240
-15, -953, 240
35, -955, 207
81, -957, 199
46, -950, 232
33, -949, 212
25, -932, 238
25, -932, 238
40, -927, 257
70, -922, 258
41, -911, 245
-9, -891, 249
-47, -873, 244
-47, -873, 244
-38, -842, 267
9, -804, 228
-8, -755, 202
-64, -680, 193
-153, -612, 185
-243, -586, 191
-257, -566, 190
-257, -566, 190
-193, -551, 133
-137, -492, 122
-272, -479, 158
-351, -622, 213
-306, -778, 190
-236, -830, 144
-289, -849, 243
-550, -978, 580
-603, -1051, 781
-347, -1017, 775
-122, -988, 677
-223, -1060, 681
-399, -1104, 815
-418, -1116, 752
-334, -1124, 535
-237, -1202, 489
-140, -1328, 567
-70, -1390, 610
-91, -1422, 584
-136, -1444, 621
-160, -1534, 718
11, -1537, 788
165, -1556, 823
165, -1556, 823
213, -1522, 899
264, -1440, 888
279, -1301, 929
194, -1139, 871
271, -994, 724
322, -810, 686
307, -677, 628
197, -587, 633
129, -501, 701
173, -434, 612
173, -434, 612
265, -441, 461
320, -472, 309
315, -509, 276
306, -504, 332
261, -536, 335
269, -567, 297
214, -619, 257
214, -619, 257
184, -641, 254
170, -673, 246
163, -701, 238
168, -752, 179
156, -800, 164
123, -816, 223
125, -836, 281
136, -874, 283
136, -874, 283
146, -898, 295
133, -920, 301
135, -932, 314
131, -933, 341
114, -936, 367
80, -942, 383
18, -948, 405
18, -948, 405
10, -957, 408
38, -969, 390
56, -976, 398
-,-,-
-1, -953, 260
-1, -961, 213
26, -978, 192
26, -978, 192
57, -967, 212
17, -1012, 147
-6, -1016, 88
28, -1006, 87
56, -990, 125
56, -990, 125
87, -976, 131
103, -980, 100
96, -982, 100
87, -976, 89
47, -936, 143
47, -936, 143
22, -925, 117
25, -904, 136
-5, -886, 107
-107, -856, 59
-174, -808, 77
-174, -808, 77
-166, -795, 91
-88, -734, 120
8, -645, 116
126, -562, 161
135, -490, 227
36, -428, 219
36, -428, 219
-49, -360, 187
-23, -351, 283
-41, -535, 433
-265, -714, 358
-552, -794, 145
-813, -783, 397
-925, -845, 770
-828, -1059, 602
-515, -1153, 448
-245, -1202, 462
-198, -1254, 756
26, -1292, 732
371, -1279, 526
371, -1279, 526
478, -1278, 274
144, -1297, 469
-195, -1385, 607
-231, -1473, 586
-194, -1595, 520
-205, -1652, 735
-415, -1690, 993
-486, -1649, 1147
-407, -1551, 1181
-319, -1435, 1044
-264, -1291, 866
-146, -1136, 716
47, -1015, 523
77, -948, 354
43, -822, 362
107, -710, 310
197, -658, 334
261, -609, 463
327, -599, 459
327, -599, 459
360, -638, 377
332, -613, 406
259, -550, 487
246, -537, 417
227, -561, 392
181, -600, 361
94, -625, 344
94, -625, 344
38, -635, 363
84, -659, 308
126, -710, 226
78, -754, 228
25, -775, 306
25, -775, 306
-44, -798, 374
-53, -833, 352
-13, -870, 304
54, -904, 256
102, -940, 245
74, -972, 282
74, -972, 282
33, -991, 320
28, -995, 307
35, -984, 300
13, -979, 310
-24, -971, 335
-24, -971, 335
-41, -955, 358
-54, -945, 375
-32, -948, 368
-2, -944, 365
14, -940, 361
-7, -955, 343
-7, -955, 343
-11, -958, 332
-10, -941, 330
-25, -929, 312
-16, -918, 307
-30, -918, 305
-46, -918, 303
-58, -922, 307
-58, -922, 307
-,-,-
22, -794, 50
-16, -1101, 201
-17, -1181, 516
45, -963, 444
45, -963, 444
22, -1031, 207
-12, -1076, 245
-21, -1079, 136
-53, -1092, 224
-68, -1053, 156
-93, -933, 127
-112, -816, 215
-168, -706, 115
-169, -513, 16
-169, -513, 16
-70, -256, -58
-11, -47, -69
-79, 0, -86
-231, -230, -31
-335, -343, 183
-338, -272, 313
-433, -433, 350
-504, -545, 160
-504, -545, 160
-538, -639, 214
-509, -710, 381
-444, -833, 673
-402, -932, 722
-455, -1110, 700
-393, -1216, 672
-138, -1222, 952
-1, -1338, 1152
-138, -1673, 1025
-253, -1976, 917
-108, -1929, 1089
16, -1833, 1101
-13, -1986, 1308
-157, -1998, 1275
-147, -1998, 1105
-31, -1996, 1188
104, -1692, 1024
237, -1314, 1116
367, -1014, 1002
443, -854, 846
577, -497, 551
611, -332, 610
650, -53, 358
763, 252, 410
763, 252, 410
664, 89, 302
452, -212, 43
543, -89, 262
600, 66, 441
600, 66, 441
327, -359, 241
173, -694, 241
210, -628, 345
235, -547, 515
131, -723, 458
23, -876, 289
23, -876, 289
-32, -980, 229
-4, -937, 243
38, -871, 308
-9, -967, 216
-52, -1081, 176
-38, -1052, 189
44, -931, 256
44, -931, 256
90, -867, 273
77, -905, 233
59, -954, 202
49, -965, 210
49, -965, 210
66, -912, 262
63, -901, 234
41, -958, 187
37, -980, 173
78, -898, 175
78, -898, 175
107, -868, 234
71, -935, 192
21, -1034, 192
30, -1031, 230
56, -991, 294
76, -951, 274
76, -951, 274
63, -961, 240
49, -977, 218
20, -1028, 253
27, -1064, 228
-,-,-
-17, -1002, 457
-5, -1077, 269
12, -956, 220
2, -995, 298
2, -995, 300
-95, -1133, 300
-40, -1155, 317
-30, -1011, 243
27, -968, 254
-12, -1037, 200
-24, -1000, 117
-24, -899, 149
3, -790, 256
3, -790, 256
-29, -745, 209
-88, -704, 87
-149, -652, 53
-165, -384, -106
-171, -55, -298
-176, 205, -379
-341, 30, -287
-451, -222, 162
-451, -222, 162
-502, -251, 183
-505, -332, 246
-533, -434, 312
-496, -540, 560
-453, -755, 838
-370, -938, 837
-259, -1048, 813
-161, -1293, 1018
-323, -1966, 1444
-123, -1998, 1454
-379, -1998, 1395
-478, -1961, 1064
-459, -1619, 690
-492, -1652, 936
-364, -1230, 528
-244, -1175, 619
-167, -1384, 553
10, -1355, 649
289, -1354, 831
588, -1375, 1106
846, -1217, 1169
866, -1189, 1306
836, -1188, 1324
821, -976, 1408
776, -573, 1171
686, -230, 851
624, 98, 434
561, 276, 68
561, 276, 68
492, 141, 175
398, -37, 103
382, -56, 126
341, -95, 83
341, -95, 83
308, -153, 73
222, -361, 102
187, -515, 227
220, -508, 345
153, -687, 364
153, -687, 364
33, -915, 268
-35, -1077, 259
-51, -1140, 263
-25, -1116, 266
-29, -1107, 212
-27, -1110, 210
-18, -1138, 233
20, -1080, 247
70, -1039, 299
77, -987, 317
77, -987, 317
76, -978, 275
55, -1011, 274
71, -957, 262
102, -876, 276
53, -943, 240
53, -943, 240
5, -985, 173
3, -998, 186
42, -928, 230
97, -869, 334
97, -869, 334
68, -916, 312
16, -1008, 229
33, -983, 232
92, -893, 291
90, -887, 281
90, -887, 281
68, -921, 227
60, -936, 226
35, -972, 191
34, -985, 197
32, -984, 176
32, -984, 176
-,-,-
92, -875, 240
4, -1057, 185
-38, -1125, 141
-8, -1041, 291
53, -985, 294
36, -1009, 196
36, -1009, 196
-5, -1093, 118
-23, -1091, 118
-15, -1065, 187
-1, -1037, 113
9, -994, 59
56, -850, 21
56, -850, 21
99, -739, 95
106, -685, 144
64, -597, 108
26, -378, 14
-166, -310, -211
-145, -26, -154
-145, -26, -154
-102, 170, 3
-151, 226, 99
-232, 78, 355
-276, -55, 544
-286, -280, 613
-319, -651, 798
-350, -993, 981
-350, -993, 981
-521, -1430, 929
-598, -1667, 740
-511, -1647, 646
-556, -1801, 638
-669, -1957, 576
-727, -1958, 778
-287, -1360, 482
-298, -1631, 935
-282, -1576, 600
-216, -1737, 863
-70, -1778, 907
67, -1735, 771
66, -1967, 946
148, -1964, 917
357, -1731, 1232
550, -1427, 1451
624, -1116, 1280
528, -935, 1043
444, -824, 809
506, -377, 610
590, -43, 539
590, -43, 539
563, 128, 315
345, -328, 476
356, -208, 114
437, -121, 235
387, -230, 294
365, -192, 153
263, -490, 221
263, -490, 221
155, -625, -1
167, -646, 212
134, -775, 279
58, -915, 183
26, -979, 70
26, -979, 70
34, -985, 149
51, -943, 231
85, -911, 172
74, -922, 134
49, -950, 82
49, -950, 82
47, -963, 68
76, -945, 140
88, -915, 138
75, -919, 143
75, -919, 143
50, -936, 105
41, -953, 140
32, -994, 198
26, -1016, 219
49, -973, 206
49, -973, 206
20, -1012, 170
-4, -1041, 158
27, -994, 208
54, -956, 231
45, -950, 182
45, -950, 182
15, -990, 165
5, -1014, 150
6, -1014, 169
24, -983, 181
29, -951, 159
29, -951, 159
35, -949, 137
19, -1011, 152
6, -1058, 148
38, -1024, 181
-,-,-
-27, -1038, 209
40, -959, 337
13, -965, 270
13, -965, 270
-43, -1055, 12
-56, -1060, 4
6, -962, 81
-8, -943, 156
-8, -943, 156
4, -1060, 80
25, -985, 250
38, -963, 244
53, -882, 229
11, -964, 178
11, -964, 178
-23, -1023, 110
-22, -995, 131
20, -944, 226
46, -936, 280
17, -980, 211
2, -991, 110
2, -991, 110
6, -986, 166
19, -987, 196
37, -970, 177
37, -970, 177
33, -971, 161
27, -978, 165
19, -989, 161
39, -972, 161
88, -926, 208
88, -926, 208
82, -974, 222
30, -1052, 178
18, -1048, 159
51, -977, 187
60, -941, 176
60, -941, 176
41, -947, 153
-8, -963, 111
-25, -895, 78
-17, -782, 118
-21, -648, 256
-64, -471, 330
-64, -471, 330
-175, -265, 61
-263, -165, -189
-241, -35, 25
-205, 65, 343
-267, -11, 396
-378, -237, 473
-660, -676, 209
-608, -718, 246
-332, -543, 494
-332, -543, 494
-238, -689, 512
-307, -1076, 558
-300, -1405, 572
4, -1390, 859
69, -1710, 1164
-207, -1998, 1017
-387, -1998, 879
-299, -1998, 1007
-219, -1997, 960
-226, -1870, 757
-257, -1669, 518
-242, -1575, 360
-178, -1578, 557
37, -1319, 704
260, -1101, 759
326, -1108, 804
278, -1290, 923
442, -1024, 986
606, -777, 1027
585, -693, 854
500, -707, 776
500, -707, 776
451, -666, 625
480, -568, 672
569, -335, 534
584, -341, 596
530, -340, 483
461, -416, 524
374, -470, 321
296, -457, 199
296, -457, 199
200, -478, -45
102, -632, -53
58, -731, -15
86, -657, -21
137, -570, 5
137, -570, 5
122, -622, -92
57, -810, -11
44, -888, 34
58, -901, 77
58, -901, 93
128, -797, 93
126, -834, 107
63, -930, 46
24, -990, 27
42, -974, 21
42, -974, 21
71, -928, 67
68, -936, 72
53, -956, 54
53, -956, 54
6, -1037, 42
-15, -1064, 37
9, -1036, 49
7, -1059, 68
7, -1059, 68
20, -1049, 100
33, -1035, 111
44, -1027, 118
47, -1012, 106
65, -985, 127
65, -985, 127
77, -988, 160
76, -979, 126
69, -973, 128
67, -970, 123
57, -978, 132
57, -978, 132
48, -995, 105
47, -1004, 125
42, -1012, 124
27, -1037, 128
20, -1030, 119
35, -1002, 121
35, -1002, 121
45, -993, 123
61, -979, 157
65, -983, 141
47, -1017, 151
35, -1031, 117
50, -1007, 158
50, -1007, 158
68, -995, 157
74, -981, 152
60, -990, 118
50, -1020, 99
39, -1057, 120
68, -1001, 166
68, -1001, 166
76, -972, 152
58, -990, 116
40, -1014, 105
42, -1020, 143
55, -995, 136
57, -983, 154
57, -983, 154
54, -973, 120
50, -970, 124
36, -1003, 111
42, -996, 111
71, -948, 129
71, -948, 129
60, -959, 124
48, -990, 100
33, -1037, 72
45, -1013, 107
79, -963, 161
79, -963, 161
76, -953, 120
58, -981, 76
42, -996, 61
56, -987, 97
56, -987, 97
79, -976, 178
87, -972, 200
65, -1013, 123
53, -1027, 112
47, -1026, 122
47, -1026, 122
57, -1010, 124
62, -990, 161
59, -994, 146
55, -990, 114
63, -971, 107
63, -971, 110
63, -971, 110
48, -996, 119
52, -995, 133
55, -994, 129
48, -998, 112
48, -998, 112
56, -991, 122
54, -1001, 107
52, -1010, 118
60, -990, 133
73, -966, 125
81, -963, 142
-,-,-
-19, -939, 104
-31, -1027, 137
-79, -1150, 120
8, -1005, 178
77, -924, 200
46, -955, 166
2, -1033, 28
2, -1033, 28
-33, -1076, -2
16, -1017, 127
32, -975, 117
35, -981, 86
26, -1001, 86
26, -1001, 86
19, -1010, 119
40, -965, 128
50, -930, 153
29, -950, 141
41, -925, 116
41, -925, 116
59, -881, 123
51, -896, 110
30, -928, 104
30, -921, 103
30, -903, 118
30, -903, 118
49, -882, 126
48, -886, 99
13, -909, 74
-14, -917, 87
-14, -917, 87
-59, -913, 98
-97, -877, 123
-120, -766, 212
-186, -648, 221
-227, -471, 268
-214, -230, 372
-241, 3, 382
-241, 3, 382
-454, 45, -74
-303, 280, -21
-55, 213, 475
-132, -380, 757
-295, -852, 422
-424, -1316, 287
-468, -1656, 304
-361, -1865, 619
-205, -1948, 953
-111, -1852, 878
-130, -1896, 796
-128, -1958, 780
-69, -1908, 947
-65, -1884, 825
-65, -1884, 825
-92, -1849, 700
-120, -1841, 753
-57, -1685, 689
50, -1472, 721
148, -1286, 777
198, -1107, 718
206, -1155, 909
196, -1124, 699
176, -1071, 657
285, -784, 704
402, -501, 628
390, -547, 746
390, -547, 746
236, -723, 512
180, -737, 328
290, -612, 534
436, -327, 506
484, -253, 481
425, -373, 476
312, -550, 251
373, -504, 343
373, -504, 343
388, -499, 395
382, -471, 250
334, -580, 244
259, -723, 105
239, -750, 171
233, -742, 253
191, -796, 210
191, -796, 210
133, -914, 183
108, -931, 112
120, -887, 165
128, -845, 200
70, -904, 128
15, -985, 74
15, -985, 74
10, -999, 86
46, -908, 155
56, -880, 181
18, -943, 161
18, -943, 161
-44, -1070, 106
-56, -1106, 137
7, -979, 214
59, -893, 241
23, -950, 161
1, -1000, 124
1, -1000, 124
8, -1012, 167
27, -998, 208
50, -975, 279
53, -951, 216
34, -964, 175
34, -964, 175
15, -1000, 145
3, -1045, 163
15, -1039, 225
54, -957, 207
57, -940, 173
57, -940, 173
21, -1002, 98
10, -1057, 146
17, -1080, 212
50, -1027, 229
109, -931, 278
108, -917, 261
35, -1006, 141
35, -1006, 141
22, -1035, 152
76, -936, 203
84, -926, 213
44, -978, 174
27, -997, 154
27, -997, 154
31, -970, 164
22, -986, 150
15, -1015, 162
16, -1017, 181
17, -1019, 163
-,-,-
1, -922, 245
29, -966, 273
21, -986, 179
-1, -964, 109
-10, -1000, -9
-10, -1000, -9
-62, -1043, 37
8, -979, 134
71, -913, 266
74, -910, 296
-20, -1009, 131
-70, -1010, -17
-9, -909, 79
-9, -909, 79
3, -869, 120
-42, -863, 35
-27, -781, 81
-27, -781, 81
-2, -654, 136
-64, -583, 84
-105, -409, 45
-170, -287, 92
-287, -286, 145
-319, -258, 272
-298, -254, 484
-262, -232, 529
-262, -232, 529
-259, -221, 554
-323, -323, 443
-338, -434, 332
-359, -729, 345
-425, -1189, 398
-430, -1474, 282
-436, -1815, 302
-400, -1986, 457
-284, -1977, 545
-256, -1998, 755
-243, -1971, 758
-224, -1881, 749
-130, -1675, 743
6, -1471, 797
50, -1460, 876
45, -1569, 821
175, -1487, 832
396, -1280, 930
593, -1098, 919
593, -1098, 919
513, -1305, 904
432, -1389, 869
521, -1175, 907
629, -863, 826
634, -618, 599
507, -619, 569
319, -858, 655
369, -643, 412
441, -407, 466
400, -311, 253
400, -311, 253
373, -198, 104
280, -426, 299
191, -569, 208
205, -492, 218
167, -450, 128
148, -431, 6
148, -431, 6
135, -539, 145
38, -747, 148
11, -790, 128
20, -801, 204
-31, -883, 120
-31, -883, 120
-73, -967, 69
-50, -943, 36
4, -863, 128
-4, -869, 125
-38, -930, 85
-38, -930, 85
-50, -963, 70
-47, -987, 77
-28, -992, 143
-35, -1009, 142
-23, -1013, 165
-31, -1041, 192
-23, -1026, 195
-4, -996, 204
-4, -996, 204
-19, -986, 183
-45, -1018, 143
-45, -1072, 190
-35, -1038, 189
16, -939, 256
89, -822, 281
69, -848, 218
69, -848, 218
0, -980, 170
-61, -1099, 201
-46, -1057, 186
15, -949, 259
4, -962, 196
4, -962, 196
-36, -1033, 142
-49, -1092, 185
-17, -1057, 221
-2, -1026, 274
0, -997, 253
0, -986, 193
0, -986, 193
8, -965, 167
-,-,-
-32, -947, 138
-46, -961, 121
-26, -1035, 193
-19, -946, 137
12, -921, 173
-43, -949, 130
-101, -1039, 39
-101, -1039, 39
-88, -1006, 10
-24, -878, 108
16, -809, 190
-49, -872, 112
-107, -908, 80
-95, -811, 134
-57, -646, 121
-31, -509, 203
-31, -509, 203
-17, -349, 234
-63, -256, 260
-150, -216, 119
-193, -200, 173
-241, -332, 333
-344, -429, 194
-461, -558, 73
-509, -655, 183
-394, -573, 266
-304, -736, 669
-331, -1017, 774
-331, -1017, 774
-433, -1239, 602
-332, -1210, 594
-178, -1286, 843
-197, -1642, 1075
-149, -1743, 890
-167, -1743, 883
-167, -1845, 883
-183, -1822, 747
-147, -1767, 715
-171, -1734, 523
-168, -1664, 413
-135, -1635, 472
-51, -1600, 593
58, -1505, 694
130, -1509, 848
216, -1396, 795
437, -979, 898
591, -842, 1220
453, -1125, 1134
496, -880, 754
579, -683, 716
630, -443, 616
652, -233, 518
652, -233, 518
389, -734, 760
185, -886, 179
285, -607, 363
383, -359, 452
317, -365, 239
167, -581, 165
150, -535, 89
150, -535, 89
149, -473, 134
63, -528, -19
-20, -670, -93
-76, -821, -95
-42, -782, -62
32, -699, 57
32, -699, 57
28, -735, 16
-11, -851, 5
-8, -897, 15
22, -906, 83
22, -906, 83
20, -943, 98
10, -968, 27
0, -985, 32
0, -985, 32
5, -975, 16
14, -966, 47
50, -934, 107
50, -934, 107
39, -955, 92
9, -1005, 47
-6, -1019, 28
7, -994, 72
7, -994, 72
2, -1000, 72
13, -1004, 93
3, -1050, 72
3, -1050, 72
11, -1056, 106
39, -1025, 145
38, -1011, 164
51, -965, 117
55, -944, 110
55, -944, 110
51, -931, 80
49, -960, 68
48, -982, 62
-,-,-
-25, -797, 257
49, -820, 320
-79, -762, 171
-79, -762, 171
-136, -809, -154
-125, -632, 39
-134, -535, 65
-265, -484, -102
-322, -244, -116
-266, 91, -7
-236, 144, 199
-168, 66, 484
-189, -248, 794
-189, -248, 794
-297, -578, 757
-433, -1016, 663
-530, -1347, 487
-520, -1456, 579
-480, -1602, 651
-438, -1644, 724
-376, -1570, 727
-412, -1607, 681
-386, -1547, 653
-248, -1408, 674
-109, -1316, 741
-52, -1291, 718
-145, -1487, 510
-86, -1505, 411
134, -1369, 556
291, -1358, 637
287, -1619, 710
337, -1715, 922
425, -1609, 895
513, -1431, 942
536, -1208, 831
498, -1146, 843
377, -1214, 850
386, -1013, 717
386, -1013, 717
391, -849, 705
367, -612, 477
308, -442, 284
109, -847, 520
-15, -966, 261
144, -652, 423
231, -403, 398
284, -283, 267
284, -283, 267
324, -294, 351
233, -444, 439
120, -519, 294
116, -456, 73
168, -402, 125
163, -448, 154
81, -629, 164
81, -629, 164
15, -752, 81
50, -750, 133
44, -823, 188
-9, -933, 192
-52, -1008, 99
-52, -1008, 99
-49, -996, 78
-31, -976, 99
-10, -945, 124
-45, -988, 85
-63, -1009, 21
-30, -994, 35
-30, -994, 35
21, -946, 135
82, -844, 243
49, -934, 197
6, -1060, 188
6, -1060, 188
50, -1040, 218
36, -1011, 273
47, -956, 213
56, -922, 159
44, -973, 127
-,-,-
-151, -862, 46
-70, -694, 1
-70, -694, 1
-90, -612, 271
-147, -639, 358
-184, -399, 242
-136, -14, -77
-97, 100, -87
-271, -149, 4
-271, -149, 4
-401, -467, 170
-364, -545, 317
-339, -615, 607
-390, -805, 511
-408, -1111, 576
-257, -1093, 678
-195, -1082, 773
-164, -1106, 682
-43, -1074, 755
-5, -1180, 879
-3, -1297, 976
25, -1331, 967
27, -1429, 882
27, -1429, 882
-17, -1518, 758
-103, -1671, 703
-223, -1835, 573
-245, -1780, 490
-272, -1764, 480
-255, -1682, 450
-256, -1688, 533
-234, -1691, 621
-162, -1602, 734
-5, -1401, 848
170, -1231, 998
134, -1320, 939
250, -1093, 837
518, -625, 862
495, -631, 744
516, -613, 840
391, -851, 969
391, -851, 969
443, -608, 640
452, -480, 550
485, -353, 453
335, -478, 290
166, -710, 340
119, -748, 271
150, -628, 228
173, -526, 154
173, -526, 154
137, -500, 33
93, -567, 35
92, -611, 64
79, -625, 25
79, -625, 25
72, -615, 13
78, -642, 23
71, -700, 54
63, -748, 83
63, -748, 83
99, -732, 106
110, -759, 143
33, -880, 91
3, -935, 105
3, -935, 105
-6, -955, 87
-8, -992, 157
-50, -1029, 35
-72, -1039, 3
-72, -1039, 3
-64, -1046, 42
-55, -1053, 106
-33, -1051, 150
-35, -1062, 151
-53, -1072, 113
-60, -1086, 100
-35, -1039, 105
12, -941, 175
50, -900, 203
50, -900, 203
28, -966, 169
0, -1035, 132
-4, -1067, 141
13, -1049, 187
47, -989, 198
-,-,-
-270, -810, 121
-190, -657, 191
-130, -560, 132
-176, -618, 17
-228, -631, 47
-175, -519, 286
-177, -435, 417
-175, -257, -6
-206, -298, 48
-206, -298, 48
-262, -318, 208
-417, -469, 291
-482, -488, 178
-378, -317, 158
-313, -342, 383
-232, -445, 674
-274, -804, 823
-389, -1321, 842
-328, -1310, 705
-387, -1483, 756
-464, -1592, 615
-614, -1881, 691
-523, -1473, 620
-534, -1349, 776
-603, -1325, 566
-465, -1149, 563
-362, -1290, 638
-269, -1425, 685
-167, -1591, 724
-117, -1797, 613
45, -1910, 785
101, -1998, 1097
173, -1963, 1163
453, -1519, 1332
487, -1242, 1252
570, -813, 1264
504, -773, 1100
504, -773, 1100
317, -686, 719
393, -339, 616
437, -136, 516
361, -151, 449
233, -392, 359
260, -393, 280
238, -414, 392
270, -313, 288
270, -313, 288
298, -278, 216
241, -510, 418
107, -723, 325
140, -657, 314
196, -501, 241
129, -597, 145
20, -796, 71
20, -796, 71
0, -859, 78
13, -846, 139
14, -825, 84
14, -825, 84
-22, -892, 60
-28, -963, 73
-8, -987, 117
26, -953, 198
23, -960, 250
23, -960, 250
-19, -990, 133
-24, -1002, 152
5, -958, 166
16, -923, 175
-1, -929, 144
-1, -929, 144
-26, -986, 177
-49, -1013, 151
-43, -1002, 173
-17, -953, 147
-6, -937, 181
-2, -943, 192
-5, -972, 191
-5, -972, 191
5, -991, 236
-5, -999, 220
-47, -1030, 208
-51, -1048, 175
-60, -1041, 214
-41, -1005, 197
-27, -967, 197
-27, -967, 197
-37, -948, 169
-79, -1004, 116
-84, -1034, 111
-53, -996, 134
-27, -966, 164
-4, -957, 221
1, -952, 232
1, -952, 232
-,-,-
-300, -452, 236
-308, -600, 144
-378, -546, 199
-366, -312, 174
-464, -301, 27
-519, -326, 53
-615, -516, 185
-627, -618, 397
-627, -618, 397
-572, -550, 459
-482, -404, 368
-397, -382, 313
-253, -468, 512
-207, -651, 667
-234, -888, 664
-197, -977, 609
-110, -1086, 702
-80, -1273, 827
-105, -1582, 1214
-174, -1905, 1262
-360, -1998, 1175
-486, -1998, 928
-473, -1998, 918
-431, -1875, 835
-364, -1609, 780
-302, -1436, 709
-247, -1428, 741
-223, -1442, 832
-55, -1273, 895
37, -1178, 862
43, -1252, 786
209, -1091, 958
443, -838, 860
555, -587, 790
555, -587, 790
398, -858, 479
326, -855, 462
396, -756, 630
322, -750, 494
416, -530, 379
413, -411, 364
325, -470, 279
325, -470, 279
390, -353, 282
400, -353, 343
318, -340, 93
263, -346, 60
234, -451, 107
212, -507, 108
145, -618, 115
145, -618, 115
101, -665, 104
75, -671, 54
38, -745, 42
7, -846, 77
7, -846, 77
-10, -869, 93
-57, -910, 66
-118, -989, 27
-145, -1038, -1
-112, -1016, 31
-63, -935, 94
-63, -935, 94
-80, -943, 57
-124, -1023, 35
-103, -1028, 57
-60, -1012, 144
-12, -955, 165
24, -917, 197
-2, -947, 182
-2, -947, 182
-22, -988, 166
-40, -1015, 208
-56, -1011, 163
-54, -989, 192
-58, -991, 174
-96, -1030, 144
-106, -1055, 122
-76, -1025, 177
-64, -1013, 207
-90, -1014, 151
-90, -1014, 151
-93, -1032, 110
-87, -1032, 113
-,-,-
-363, -884, 244
-377, -1009, 280
-379, -831, 231
-294, -605, 357
-339, -550, 395
-420, -454, 205
-420, -454, 205
-462, -289, 7
-428, -52, 122
-287, 272, 82
-106, 482, 244
-125, 363, 339
-445, -260, 356
-717, -953, 421
-562, -1054, 565
-371, -1038, 734
-475, -1321, 698
-730, -1795, 520
-733, -1917, 512
-452, -1582, 677
-157, -1261, 810
-157, -1261, 844
-71, -1189, 844
-84, -1294, 743
6, -1274, 717
142, -1263, 725
120, -1488, 723
101, -1679, 733
106, -1805, 680
185, -1720, 828
264, -1530, 1011
265, -1533, 1240
210, -1434, 884
141, -1387, 806
256, -1074, 765
327, -801, 737
330, -806, 709
330, -806, 709
218, -913, 477
181, -960, 410
252, -767, 477
324, -527, 467
337, -407, 276
321, -437, 290
316, -451, 309
316, -451, 309
316, -439, 304
337, -375, 236
331, -303, 128
249, -402, 84
148, -639, 117
99, -714, 102
88, -709, 200
88, -709, 200
35, -781, 252
-23, -921, 186
-37, -934, 182
-35, -843, 210
-34, -820, 255
-66, -938, 206
-66, -938, 206
-90, -1040, 199
-57, -990, 208
-48, -921, 194
-58, -882, 140
-68, -921, 186
-58, -973, 178
-19, -940, 242
-,-,-
-318, -522, 106
-256, -572, 142
-381, -506, 13
-375, -321, -105
-350, -253, -82
-341, -223, 213
-368, -145, 352
-467, -284, 427
-411, -319, 373
-411, -319, 373
-276, -259, 590
-244, -439, 797
-286, -723, 692
-318, -1031, 591
-306, -1113, 421
-318, -1358, 556
-378, -1623, 711
-376, -1766, 774
-330, -1816, 1005
-303, -1755, 960
-341, -1817, 904
-400, -1858, 743
-353, -1779, 743
-228, -1572, 765
-141, -1427, 717
-68, -1309, 574
37, -1402, 790
144, -1367, 885
230, -1327, 842
323, -1201, 886
408, -1101, 743
306, -1300, 847
331, -1252, 781
422, -1026, 889
529, -790, 871
529, -790, 871
642, -486, 838
658, -335, 632
584, -260, 502
445, -426, 503
297, -636, 437
277, -524, 304
228, -462, 245
228, -462, 245
199, -391, 230
201, -340, 133
178, -325, 61
145, -379, 96
34, -569, 61
-104, -824, -26
-104, -824, -26
-112, -875, 2
-50, -824, 161
-12, -803, 207
-36, -881, 166
-78, -994, 185
-133, -1072, 136
-178, -1075, 137
-197, -1065, 68
-170, -1036, 53
-132, -1008, 73
-88, -953, 132
-88, -953, 132
-41, -873, 216
-56, -898, 187
-89, -981, 150
-103, -1051, 141
-56, -1002, 209
-3, -911, 323
-51, -952, 247
-100, -1017, 149
-115, -1016, 83
-108, -968, 124
-108, -968, 124
-120, -986, 180
-153, -1045, 165
-151, -1061, 153
-126, -1048, 170
-94, -1026, 202
-76, -1019, 246
-75, -1015, 235
-63, -993, 193
-64, -991, 175
-,-,-
-497, -749, 124
-387, -538, 271
-313, -524, 257
-367, -348, 257
-382, -214, 33
-417, -154, 244
-361, -14, 265
-286, 49, 376
-231, 72, 499
-238, -119, 512
-238, -119, 512
-293, -472, 517
-236, -640, 551
-196, -882, 622
-282, -1330, 518
-353, -1850, 536
-263, -1998, 659
-120, -1998, 793
27, -1998, 960
83, -1924, 994
73, -1911, 962
129, -1838, 990
270, -1570, 1007
315, -1428, 875
349, -1329, 790
352, -1218, 825
305, -1239, 753
312, -1228, 748
312, -1228, 748
332, -1100, 698
308, -1025, 574
392, -857, 596
440, -788, 686
357, -861, 417
300, -952, 400
392, -758, 534
461, -627, 538
419, -612, 384
419, -612, 384
364, -559, 265
325, -611, 311
269, -647, 164
250, -690, 237
292, -607, 362
288, -540, 308
206, -626, 123
206, -626, 123
105, -741, 73
68, -757, 76
90, -724, 188
66, -736, 168
-25, -829, 50
-25, -829, 50
-46, -839, 28
-9, -761, 129
-47, -815, 135
-72, -866, 134
-104, -922, 90
-125, -925, 12
-125, -925, 12
-98, -896, 71
-74, -885, 185
-92, -926, 205
-139, -1007, 145
-185, -1046, 62
-171, -1029, 74
-127, -1008, 144
-88, -998, 209
-67, -984, 201
-51, -966, 174
-51, -966, 174
-56, -960, 140
-79, -1012, 145
-89, -1045, 179
-,-,-
-162, -799, 95
-7, -789, 212
30, -677, 190
-13, -615, 373
1, -481, 300
1, -481, 300
-22, -356, 210
-108, -403, 166
-239, -407, -42
-252, -239, 2
-156, -24, 126
-89, 83, 163
-89, 83, 163
-243, -242, 468
-519, -699, 570
-609, -957, 553
-471, -1005, 707
-449, -1187, 817
-508, -1392, 808
-599, -1536, 594
-615, -1675, 588
-390, -1568, 719
-173, -1512, 905
-39, -1465, 681
-91, -1647, 573
-152, -1746, 301
-73, -1699, 265
91, -1649, 526
257, -1523, 915
367, -1380, 999
402, -1275, 980
402, -1275, 980
365, -1408, 1224
342, -1342, 975
354, -1288, 982
445, -1043, 919
453, -906, 848
454, -823, 859
374, -861, 773
308, -833, 513
270, -755, 422
253, -693, 376
253, -693, 376
256, -625, 276
283, -516, 220
255, -453, 156
159, -525, 45
118, -559, -35
156, -508, 45
124, -533, 26
124, -533, 26
80, -594, 15
48, -623, -12
26, -677, 20
13, -739, 40
13, -739, 40
24, -764, 83
8, -829, 106
0, -859, 55
0, -859, 55
6, -881, 37
38, -862, 98
34, -900, 107
34, -900, 107
20, -927, 62
30, -927, 66
13, -957, 34
2, -998, 79
2, -998, 79
2, -1018, 79
22, -1011, 112
23, -1036, 135
-1, -1095, 149
-1, -1095, 149
-17, -1123, 154
5, -1080, 178
3, -1062, 193
0, -1062, 171
5, -1034, 152
27, -970, 113
27, -970, 113
40, -930, 98
27, -924, 90
12, -940, 94
-,-,-
-75, -657, 439
-15, -566, 113
-75, -381, -67
-124, -253, -39
-241, -291, 10
-306, -323, 25
-306, -323, 25
-235, -156, 42
-192, -77, 189
-230, -287, 434
-377, -695, 576
-395, -837, 602
-350, -947, 729
-312, -1048, 720
-442, -1238, 598
-591, -1413, 365
-594, -1496, 367
-453, -1476, 536
-339, -1418, 728
-253, -1426, 823
-243, -1415, 618
-253, -1567, 650
-175, -1674, 809
-70, -1656, 803
32, -1568, 732
107, -1569, 721
179, -1618, 808
179, -1618, 808
331, -1477, 829
452, -1337, 885
533, -1170, 778
451, -1171, 781
405, -1180, 743
334, -1099, 616
369, -940, 489
372, -811, 519
347, -696, 469
397, -498, 423
385, -508, 476
385, -508, 476
308, -635, 456
229, -722, 296
207, -712, 387
240, -618, 375
268, -519, 310
226, -515, 273
87, -771, 336
87, -771, 336
-27, -952, 220
-71, -971, 98
-18, -841, 107
42, -703, 99
60, -667, 90
60, -667, 90
23, -733, 108
-49, -881, 117
-76, -892, 49
-40, -823, 107
13, -747, 210
13, -747, 210
15, -738, 166
-22, -771, 104
-67, -843, 71
-125, -975, 49
-155, -1000, 111
-105, -936, 133
-94, -960, 167
-94, -960, 167
-94, -1006, 147
-111, -1051, 154
-107, -1067, 172
-102, -1030, 144
-104, -1013, 110
-99, -1031, 131
-82, -1028, 117
-59, -996, 112
-69, -998, 110
-106, -1008, 71
-131, -1003, 51
-130, -1003, 45
-105, -983, 86
-,-,-
-70, -1006, 243
-109, -1034, 189
-151, -1036, 97
-170, -1049, 52
-157, -1048, 81
-124, -1016, 141
-76, -958, 235
-62, -943, 214
-62, -943, 214
-101, -975, 111
-,-,-
18, -869, 208
18, -869, 208
-45, -889, 69
-95, -765, -70
8, -455, -39
58, -170, 10
58, -170, 10
-33, -93, 74
-296, -173, -87
-425, 89, -272
-382, 388, 39
-412, 311, 376
-412, 311, 376
-523, -114, 459
-543, -537, 728
-463, -882, 1003
-394, -1143, 1049
-381, -1522, 1132
-470, -1862, 1009
-606, -1998, 850
-803, -1998, 700
-261, -1611, 857
-3, -1466, 813
-270, -1942, 734
-166, -1604, 630
-50, -1598, 859
-41, -1549, 475
146, -1371, 691
317, -1339, 992
426, -1223, 874
523, -1136, 920
604, -1001, 906
612, -1024, 1012
615, -978, 863
619, -823, 773
580, -722, 710
580, -722, 710
527, -792, 755
528, -802, 819
425, -743, 677
334, -621, 437
286, -516, 305
226, -611, 299
225, -570, 372
225, -570, 372
216, -469, 360
200, -392, 296
97, -540, 128
37, -630, 14
106, -543, 77
185, -522, 222
185, -522, 222
123, -615, 162
61, -744, 84
48, -778, 89
86, -743, 139
143, -747, 283
143, -747, 283
48, -919, 237
-41, -1080, 167
-44, -1074, 124
-4, -1016, 218
22, -1004, 305
-22, -1072, 250
-52, -1101, 196
-75, -1124, 173
1, -1007, 270
1, -1007, 270
37, -945, 305
10, -974, 195
-19, -1010, 152
-6, -954, 115
41, -892, 216
41, -892, 216
57, -889, 217
47, -916, 211
28, -956, 192
10, -970, 173
0, -990, 179
0, -990, 179
-6, -1024, 234
-35, -1051, 236
-50, -1051, 137
-,-,-
-10, -951, 234
-33, -1021, 201
-41, -1015, 105
-26, -985, 175
-26, -985, 175
14, -954, 238
-,-,-
-242, -984, 347
-242, -984, 347
-289, -854, 178
-144, -524, 61
-110, -362, 106
-243, -437, 290
-420, -551, 212
-508, -559, 173
-436, -389, 279
-356, -272, 328
-271, -236, 436
-277, -369, 486
-318, -634, 622
-315, -820, 762
-177, -855, 748
-222, -1175, 837
-356, -1662, 898
-440, -1978, 1002
-304, -1998, 1140
-207, -1998, 1075
-173, -1981, 989
-134, -1902, 924
-26, -1730, 928
108, -1543, 943
228, -1360, 935
228, -1360, 935
359, -1159, 958
370, -1166, 987
396, -1064, 811
447, -904, 768
466, -795, 711
487, -675, 659
489, -631, 606
417, -668, 500
387, -761, 617
387, -761, 617
388, -596, 473
327, -565, 308
340, -488, 299
353, -415, 251
332, -446, 240
277, -559, 258
222, -606, 168
187, -666, 215
187, -666, 215
199, -659, 255
200, -670, 251
171, -706, 165
126, -821, 230
125, -837, 251
112, -883, 269
90, -876, 195
90, -876, 195
78, -862, 110
66, -867, 62
60, -895, 115
90, -893, 199
90, -893, 199
87, -925, 205
48, -972, 186
20, -1011, 162
25, -991, 166
48, -931, 174
71, -857, 185
71, -857, 185
50, -886, 191
47, -910, 213
15, -935, 153
-11, -967, 70
-11, -967, 70
-39, -972, 77
-26, -986, 112
-22, -1028, 184
-18, -1073, 257
-9, -1054, 237
0, -1036, 269
-31, -1055, 204
-65, -1097, 179
-65, -1097, 179
-82, -1113, 165
-78, -1130, 163
-76, -1124, 165
-44, -1062, 155
-11, -1006, 167
21, -968, 163
62, -929, 179
87, -895, 191
-,-,-
-313, -862, 173
-192, -749, 166
-97, -582, 230
-126, -585, 150
-273, -737, 85
-368, -643, -119
-284, -519, -198
-235, -301, 34
-174, -153, 197
-279, -289, 326
-353, -380, 289
-282, -320, 392
-282, -320, 392
-194, -286, 639
-190, -372, 694
-307, -643, 754
-470, -976, 605
-487, -1104, 533
-455, -1174, 656
-505, -1323, 744
-566, -1490, 858
-563, -1543, 894
-495, -1508, 795
-389, -1496, 854
-347, -1593, 915
-342, -1753, 809
-257, -1748, 717
-80, -1698, 616
92, -1768, 997
240, -1721, 1088
352, -1533, 1115
429, -1322, 1057
515, -1057, 936
636, -702, 837
531, -784, 860
491, -753, 713
491, -753, 713
416, -758, 639
377, -677, 499
408, -524, 513
441, -422, 471
392, -403, 315
288, -483, 262
195, -583, 244
182, -545, 132
182, -545, 132
174, -524, 186
148, -543, 214
138, -623, 196
204, -634, 313
165, -673, 301
49, -812, 193
1, -885, 84
1, -885, 84
7, -820, -46
48, -733, -51
94, -711, 16
94, -711, 16
108, -761, 105
88, -842, 116
39, -949, 147
-1, -968, 93
-1, -968, 93
6, -936, 98
101, -856, 259
92, -907, 273
29, -996, 222
29, -996, 222
-11, -1057, 144
-27, -1074, 101
-4, -1059, 150
25, -1031, 185
22, -1048, 168
14, -1066, 120
38, -1052, 127
70, -1020, 145
70, -1020, 145
94, -995, 186
104, -957, 212
-,-,-
-158, -942, 307
-100, -798, 163
-83, -653, -100
-101, -581, 88
-224, -626, 147
-294, -575, 110
-330, -426, 42
-330, -426, 42
-296, -197, 62
-248, -91, 250
-197, -93, 331
-162, 26, 295
-107, 43, 367
-68, -131, 508
-118, -528, 597
-118, -528, 597
-228, -966, 565
-337, -1437, 525
-486, -1880, 547
-685, -1998, 632
-704, -1998, 587
-458, -1863, 691
-319, -1705, 862
-362, -1726, 679
-315, -1679, 634
-192, -1597, 622
-80, -1537, 644
70, -1444, 738
271, -1332, 925
401, -1235, 925
480, -1184, 900
530, -1162, 927
477, -1237, 838
508, -1100, 791
519, -982, 720
493, -856, 607
493, -856, 607
456, -882, 694
389, -924, 668
353, -791, 453
385, -640, 437
370, -521, 300
341, -431, 150
308, -482, 216
268, -527, 247
268, -527, 247
225, -548, 217
165, -527, 69
139, -517, -13
112, -539, 14
96, -648, 98
96, -648, 98
96, -702, 185
77, -734, 179
28, -778, 136
-5, -833, 101
-17, -866, 18
-17, -866, 18
-5, -870, -6
-1, -837, 32
-22, -885, 58
-62, -934, 70
-62, -934, 70
-75, -1015, 48
-,-,-
-179, -994, 96
-142, -966, 83
-142, -966, 83
-121, -927, 171
-113, -881, 167
-151, -870, 232
-165, -852, 161
-162, -713, -35
-148, -637, 86
-127, -595, 219
-201, -558, 225
-256, -385, 196
-197, -105, 139
-125, 75, 140
-125, 75, 140
-69, 26, 263
-103, -172, 465
-210, -436, 545
-305, -618, 436
-274, -753, 536
-224, -911, 603
-322, -1171, 598
-364, -1445, 659
-303, -1606, 788
-269, -1781, 850
-283, -1847, 696
-378, -1997, 746
-351, -1998, 786
-231, -1937, 724
-195, -1940, 760
-90, -1768, 764
75, -1583, 900
75, -1583, 900
227, -1464, 1034
363, -1305, 1034
449, -1134, 937
433, -1062, 822
434, -984, 796
452, -846, 808
485, -704, 774
449, -608, 560
379, -601, 396
305, -651, 245
254, -694, 445
254, -694, 445
272, -777, 598
262, -485, 193
223, -524, 294
205, -587, 292
147, -539, 223
149, -556, 158
114, -553, 57
114, -553, 57
53, -616, 42
21, -753, 163
37, -772, 130
13, -788, 51
13, -788, 51
17, -795, 55
53, -801, 143
27, -860, 120
0, -899, 121
0, -899, 121
-9, -915, 68
18, -881, 52
-3, -946, 70
-3, -946, 70
-29, -1010, 107
-10, -1031, 166
-1, -1035, 161
0, -1001, 137
-17, -1025, 160
-19, -1035, 182
5, -998, 177
5, -998, 177
35, -947, 199
77, -899, 234
56, -939, 216
38, -960, 185
57, -904, 168
57, -904, 168
103, -888, 177
97, -905, 210
113, -909, 242
130, -919, 331
137, -932, 359
126, -976, 335
126, -976, 335
100, -1002, 349
87, -1011, 338
104, -981, 301
141, -932, 313
-,-,-
13, -849, 259
2, -942, 400
-137, -1103, 43
-43, -841, -66
97, -792, 143
52, -1029, 429
-187, -1290, 82
-187, -1290, 82
-158, -1034, -73
8, -768, 161
67, -743, 325
-16, -815, 286
-107, -819, 174
-138, -704, 65
-178, -658, 121
-211, -615, 202
-247, -520, 246
-228, -352, 311
-228, -352, 311
-197, -254, 374
-169, -206, 430
-256, -378, 490
-324, -479, 408
-281, -520, 335
-173, -498, 518
-241, -750, 565
-417, -1140, 515
-402, -1365, 456
-313, -1516, 533
-201, -1599, 647
-201, -1861, 816
-248, -1998, 756
-138, -1998, 631
40, -1998, 719
172, -1925, 768
276, -1734, 786
305, -1625, 769
401, -1410, 663
470, -1216, 788
470, -1216, 788
560, -990, 822
606, -768, 668
548, -679, 507
410, -951, 490
394, -897, 409
501, -733, 570
581, -505, 608
518, -449, 329
518, -449, 329
368, -676, 314
342, -623, 268
258, -750, 420
244, -653, 426
236, -533, 360
147, -635, 365
59, -757, 312
59, -757, 312
71, -710, 334
46, -697, 338
-18, -736, 265
-107, -805, 109
-96, -765, -27
-53, -756, 110
-61, -802, 182
-61, -802, 182
-103, -907, 162
-124, -961, 70
-92, -934, 55
-58, -928, 170
-15, -955, 266
-24, -1017, 218
-42, -1029, 129
-33, -996, 119
-33, -996, 119
23, -957, 143
75, -906, 235
-,-,-
89, -1065, 211
187, -901, 184
203, -909, 168
144, -1081, 387
86, -1126, 366
95, -981, 250
103, -854, 227
103, -854, 227
70, -800, 135
21, -774, 128
-2, -670, 93
-23, -491, 86
-30, -263, 19
-30, -263, 19
-108, -172, -102
-220, -164, -194
-276, -153, -153
-221, 57, -9
-152, 109, 149
-155, -113, 452
-256, -417, 614
-335, -703, 694
-366, -1156, 1012
-401, -1427, 900
-532, -1698, 713
-717, -1970, 552
-781, -1998, 482
-747, -1998, 425
-626, -1908, 491
-518, -1900, 612
-433, -1941, 678
-202, -1754, 736
121, -1619, 1001
294, -1639, 1137
451, -1583, 1255
577, -1360, 1128
637, -1215, 1049
686, -1104, 1173
738, -934, 1105
768, -719, 1095
706, -515, 756
706, -515, 756
642, -387, 615
543, -305, 441
382, -370, 249
287, -414, 186
218, -402, 112
178, -339, 70
193, -251, 83
193, -251, 83
180, -233, 59
105, -398, 75
48, -514, 111
3, -633, 109
3, -633, 109
-42, -729, 62
-74, -800, 52
-114, -889, 26
-121, -948, 27
-89, -972, 91
-89, -972, 91
-88, -1035, 148
-80, -1087, 208
-75, -1130, 204
-45, -1117, 206
-8, -1078, 197
19, -1050, 207
30, -1048, 235
34, -1075, 214
54, -1059, 223
54, -1059, 223
76, -1003, 210
118, -932, 206
146, -890, 236
166, -867, 247
178, -869, 264
171, -886, 275
182, -897, 260
-,-,-
112, -596, 435
-11, -806, 510
-11, -806, 510
-165, -991, -389
30, -675, -325
258, -670, 280
-8, -998, 60
-106, -1131, -95
-20, -1014, 48
50, -886, 79
71, -881, 98
71, -881, 98
8, -853, 23
-100, -858, -121
-67, -718, 17
-2, -490, 154
-2, -490, 154
-43, -312, 176
-108, -178, 135
-180, -120, 183
-210, -161, 308
-230, -205, 368
-403, -459, 394
-553, -678, 429
-500, -644, 528
-314, -564, 611
-418, -919, 514
-621, -1324, 499
-631, -1552, 341
-422, -1645, 544
-247, -1740, 672
-345, -1979, 723
-575, -1998, 817
-509, -1998, 774
-509, -1998, 842
-204, -1998, 842
-3, -1998, 989
91, -1899, 1054
180, -1669, 983
338, -1324, 869
478, -1000, 819
532, -956, 1017
512, -800, 871
495, -584, 627
583, -351, 565
652, -111, 452
718, 88, 332
718, 88, 332
434, -518, 508
216, -854, 311
264, -632, 196
340, -547, 414
344, -486, 403
215, -633, 313
215, -633, 313
143, -775, 277
144, -741, 273
91, -751, 208
26, -817, 146
-25, -858, 65
-43, -891, 62
-43, -891, 62
-17, -836, 35
-13, -801, 35
-36, -838, 35
-57, -866, 42
-57, -866, 33
-55, -865, 33
-41, -877, 42
-49, -907, 65
-46, -929, 104
-58, -1035, 188
-69, -1084, 241
-30, -1066, 284
-16, -1066, 281
-,-,-
76, -701, 499
16, -859, 339
16, -859, 339
-72, -615, -97
81, -380, -136
-12, -493, 252
-244, -730, 411
-274, -520, 309
-172, -182, 280
-192, -87, 155
-283, -285, 292
-283, -285, 292
-359, -486, 344
-335, -466, 371
-301, -435, 445
-362, -686, 366
-415, -1027, 503
-266, -1036, 500
-221, -1199, 678
-299, -1547, 772
-393, -1822, 847
-441, -1986, 897
-450, -1998, 924
-415, -1998, 880
-406, -1928, 746
-342, -1800, 674
-171, -1516, 719
-32, -1336, 768
51, -1259, 730
108, -1180, 581
178, -1136, 544
279, -1027, 683
389, -919, 802
459, -829, 859
459, -829, 859
466, -730, 756
444, -648, 576
410, -705, 551
359, -725, 477
379, -667, 471
374, -673, 455
342, -646, 416
289, -627, 331
289, -627, 331
274, -621, 324
241, -641, 261
226, -647, 251
250, -612, 294
239, -600, 256
184, -633, 171
167, -676, 97
167, -676, 97
151, -736, 135
204, -683, 197
226, -697, 252
223, -739, 164
202, -794, 131
170, -862, 87
170, -862, 87
120, -950, 60
62, -1039, 32
82, -1052, 83
142, -972, 159
184, -861, 158
205, -796, 145
-,-,-
-5, -708, 316
38, -774, 477
-136, -868, 103
-214, -758, -154
-87, -510, -168
-83, -403, -135
-246, -578, 102
-319, -535, 173
-353, -409, 57
-353, -409, 57
-392, -290, 3
-395, -246, -10
-326, -136, 72
-234, 2, 155
-262, -195, 364
-355, -460, 543
-515, -968, 651
-535, -1217, 620
-466, -1262, 509
-470, -1551, 561
-470, -1551, 561
-427, -1880, 670
-307, -1989, 680
-224, -1998, 760
-152, -1998, 788
-42, -1924, 859
74, -1855, 918
122, -1799, 982
155, -1573, 948
258, -1299, 968
389, -1065, 963
474, -906, 838
417, -997, 757
442, -939, 692
515, -827, 719
556, -714, 651
556, -714, 651
531, -683, 542
468, -754, 541
453, -700, 488
470, -568, 493
453, -559, 500
433, -538, 474
379, -548, 419
379, -548, 419
295, -607, 358
288, -522, 342
265, -491, 317
227, -503, 254
121, -655, 152
123, -604, -43
183, -502, -53
214, -508, -71
214, -508, -71
207, -562, -104
197, -632, -128
194, -696, -69
300, -708, 134
343, -735, 349
273, -817, 341
-,-,-
-88, -914, -89
-93, -921, -4
-101, -890, 87
-96, -904, 142
-,-,-
-4, -972, 164
-4, -972, 164
41, -966, 74
79, -868, 183
-5, -961, 108
-5, -1043, 191
18, -1007, 273
18, -1007, 300
-16, -1036, 300
-102, -1124, 132
-142, -1148, 17
-113, -1082, 163
-126, -1092, 202
-116, -1034, 237
-112, -944, 137
-100, -882, 31
-65, -782, 71
-56, -659, 81
-98, -621, 32
-120, -526, -13
-120, -526, -13
-145, -432, -25
-176, -358, -49
-177, -259, -56
-225, -265, -37
-207, -244, 172
-204, -253, 247
-273, -399, 363
-333, -482, 442
-396, -604, 463
-380, -739, 535
-270, -607, 505
-349, -845, 592
-467, -1248, 719
-514, -1535, 687
-446, -1714, 834
-361, -1856, 880
-354, -1990, 889
-295, -1993, 921
-297, -1993, 921
-311, -1992, 862
-171, -1860, 858
-45, -1706, 728
35, -1562, 648
35, -1562, 648
137, -1445, 731
258, -1273, 674
400, -1087, 866
518, -855, 810
473, -877, 828
443, -809, 745
455, -589, 684
464, -428, 632
464, -428, 632
471, -255, 493
333, -434, 466
234, -604, 523
368, -342, 588
359, -372, 646
255, -510, 494
171, -628, 337
130, -686, 244
130, -686, 244
157, -667, 222
203, -599, 260
193, -632, 216
107, -741, 53
75, -787, -24
74, -776, -54
74, -776, -54
89, -799, 14
84, -843, 70
78, -870, 125
73, -874, 168
-,-,-
19, -831, 367
-41, -1055, 225
-122, -1059, 138
-80, -966, 40
9, -827, 252
9, -827, 252
-33, -870, 293
-169, -931, 152
-187, -854, 21
-182, -627, 150
-61, -224, 40
-90, -58, -166
-90, -58, -166
-222, -51, -217
-289, 52, -213
-277, 125, -107
-316, -42, 226
-487, -414, 357
-584, -604, 480
-617, -760, 483
-518, -830, 692
-606, -1222, 851
-729, -1494, 869
-737, -1539, 699
-489, -1366, 731
-314, -1449, 980
-320, -1706, 1033
-391, -1977, 1021
-342, -1998, 913
-172, -1993, 979
-31, -1951, 1090
37, -1928, 1172
44, -1853, 997
155, -1655, 946
155, -1655, 946
324, -1347, 1016
401, -1153, 914
416, -977, 852
404, -854, 673
507, -625, 678
579, -380, 611
547, -254, 449
451, -316, 312
390, -368, 305
393, -327, 348
393, -327, 348
378, -266, 287
266, -374, 219
164, -497, 156
113, -543, 165
99, -552, 135
124, -515, 167
61, -612, 75
61, -612, 75
5, -667, -7
-36, -739, -103
-58, -782, -123
-37, -790, -77
-5, -820, -1
-5, -820, -1
21, -880, 87
88, -866, 211
141, -827, 313
-,-,-
-170, -923, 115
12, -1070, 16
-18, -986, 190
-18, -986, 190
-93, -1001, 186
-109, -960, 63
-137, -951, -124
-149, -1003, 182
-96, -914, 336
-142, -861, 173
-138, -787, 138
-112, -678, 79
-90, -546, 132
-57, -434, 116
-90, -430, 99
-90, -430, 99
-109, -387, 53
-13, -218, 170
2, -223, 350
-120, -336, 378
-317, -542, 273
-468, -708, 187
-556, -805, 204
-556, -805, 204
-602, -870, 242
-559, -971, 465
-543, -1014, 438
-560, -1135, 427
-508, -1306, 514
-373, -1521, 661
-207, -1649, 714
-87, -1896, 715
-67, -1998, 871
-31, -1998, 1033
57, -1998, 1074
120, -1998, 1177
170, -1998, 1227
198, -1847, 1031
287, -1485, 892
430, -1057, 826
375, -901, 735
252, -993, 707
254, -727, 478
352, -420, 414
352, -420, 414
408, -299, 397
380, -231, 299
290, -233, 100
204, -384, 96
235, -428, 191
254, -324, 195
256, -262, 126
256, -262, 126
194, -300, -29
91, -538, -4
99, -608, 52
88, -647, 74
88, -647, 74
69, -682, 99
10, -760, 9
-39, -877, -57
-48, -927, -37
-48, -927, -10
-,-,-
-188, -614, 456
-61, -527, 283
-24, -645, -49
-388, -896, -3
-536, -576, -165
-236, 177, -144
-120, 532, -139
-120, 532, -139
77, 825, 172
153, 864, 473
-142, 216, 561
-662, -804, 527
-845, -1362, 493
-869, -1721, 767
-823, -1911, 800
-1196, -1998, 553
-1527, -1998, 228
-824, -1887, 362
-417, -1751, 815
-242, -1618, 693
-141, -1559, 514
28, -1641, 421
280, -1592, 645
569, -1476, 1018
784, -1380, 1208
818, -1343, 1187
761, -1373, 1185
801, -1153, 1108
784, -983, 1030
728, -885, 978
728, -885, 978
654, -796, 868
588, -686, 711
566, -488, 548
413, -482, 263
309, -482, 125
237, -505, 134
220, -461, 136
220, -461, 136
194, -390, 47
148, -353, -76
97, -374, -146
62, -436, -109
71, -532, -41
80, -599, 7
80, -599, 7
70, -630, -65
72, -667, -90
101, -709, -107
125, -737, -73
132, -815, -26
132, -815, -26
114, -846, -85
104, -890, -144
92, -968, -112
78, -1022, -45
84, -1110, 134
114, -1176, 167
152, -1123, 104
182, -1021, 40
194, -981, 21
194, -981, 21
208, -984, -9
228, -981, 43
239, -990, 102
232, -974, 101
202, -1000, 5
202, -1000, 5
155, -1024, -50
142, -1025, -115
135, -1027, -106
153, -1039, -24
